# Bundle file v0.3
18 3211
1916.19 0 0
0.999999202499 -0.000319786537653 0.00122177617454
-0.000301415631235 -0.999887344114 -0.0150069393585
0.00122643755144 0.015006559128 -0.999886643092
0.107702136729 -2.52401740959 -0.970150609163
1916.19 0 0
0.999213058577 -0.0306568487558 -0.0251678603096
-0.0363547256336 -0.961601405337 -0.272031379033
-0.0158618249992 0.272732276929 -0.961959202684
0.0515172613338 1.46115622025 0.417072863452
1916.19 0 0
0.999779397873 -0.0156006458845 -0.01406326554
-0.0169694459753 -0.994521832104 -0.103142442145
-0.0123771358946 0.103358334528 -0.99456717279
0.065719647504 -1.5115664802 -0.273229985924
1916.19 0 0
0.999908161365 0.00232328308561 -0.013351823534
0.00161986088185 -0.998621976892 -0.052454964673
-0.0134552921448 0.052428519184 -0.998534028208
0.0916072712438 -2.15287373421 -0.390433573052
1916.19 0 0
0.999592639094 -0.0141163832062 -0.0248049107067
-0.0173595795493 -0.990580964667 -0.135823405333
-0.0226539371383 0.136198679008 -0.990422495185
0.0241580442772 -0.848502579819 -0.167919982749
1916.19 0 0
0.999365495547 0.00335123738405 -0.0354594912219
-0.00264791304335 -0.985818264331 -0.167795525175
-0.0355189367273 0.167782951817 -0.985183884467
0.0790433160437 -0.196959056317 -0.0818720126774
1916.19 0 0
0.999105502552 -0.00577594258412 -0.0418907299821
-0.0142417867909 -0.978716117824 -0.204724039184
-0.039816658325 0.205137512898 -0.977922918497
0.0602525928402 0.293798871865 0.190334309204
1916.19 0 0
0.999340143122 -0.013638046586 -0.0336642544958
-0.0211131459403 -0.972279942036 -0.232864658938
-0.0295552603431 0.233421759909 -0.971926318497
0.0478910090975 0.828005808876 0.436649863804
1916.19 0 0
0.999922419722 -0.000383068759612 0.0124502126892
-0.000396500364767 -0.999999342102 0.00107637491027
0.0124497921726 -0.00108122791868 -0.999921913762
0.0559635625638 -2.89047247801 -1.60082947655
1916.19 0 0
0.9998608557 -0.00215238937625 0.0165419605375
-0.00292671516837 -0.9988939355 0.046929095019
0.0164226543767 -0.0469709787098 -0.998761244534
-0.0669640631986 -3.25579700104 -1.87051643618
1916.19 0 0
0.99987310988 -0.00279101145967 0.0156835707994
-0.0037824556851 -0.997971754989 0.0635458045232
0.0154744036065 -0.0635970636 -0.997855679111
-0.0426380975547 -3.4527103364 -2.46447860669
1916.19 0 0
0.999989491316 -0.00439168224353 0.00131544093655
-0.0044737725719 -0.997482270061 0.0707750399046
0.00100130752549 -0.0707801811357 -0.997491435222
-0.0790993364835 -3.70879140265 -3.21797641231
1916.19 0 0
0.998988591333 -0.0373263085032 -0.0250707215607
-0.0436020876283 -0.940372760779 -0.337339485887
-0.0109841859282 0.338091433606 -0.941049164593
0.0804551537835 2.32461098622 0.221726838631
1916.19 0 0
0.999077387928 -0.0336311384117 -0.0267080411071
-0.0416686779471 -0.909659466015 -0.413259455025
-0.0103968364799 0.413991065626 -0.910221568286
0.017834572722 3.30933752836 -0.0977798736781
1916.19 0 0
0.9984679784 -0.0448453466134 -0.0324128214962
-0.0550094723866 -0.867715033694 -0.494008682362
-0.00597110190612 0.495034862599 -0.868852594376
0.201732052739 4.47933176967 -0.705444737555
1916.19 0 0
0.99857332281 -0.0453140189133 -0.028248162093
-0.0533374839242 -0.821320783435 -0.567967678224
0.00253609549237 0.568664057584 -0.822565959563
0.267059898197 5.67104761868 -1.0899742324
1916.19 0 0
0.998160143697 -0.0589742803005 -0.0140840973268
-0.0549218009486 -0.780999086687 -0.622112547997
0.025688972635 0.621741474294 -0.782801134278
0.327558660304 6.72263356723 -1.61279539659
1916.19 0 0
0.998699336408 -0.0509702574794 0.00129163127865
-0.0387614671108 -0.775453324269 -0.630214003769
0.033123769808 0.629344241836 -0.776420402322
0.101535195038 7.49182032363 -1.72816032607
2.22172 -3.10559 16.476
208 180 96
3 2 1404 776.677978516 -977.565002441 3 1494 774.968017578 -950.364013672 4 1464 752.604980469 -965.715026855
-3.97189 -3.59926 17.1371
76 57 16
3 0 43 134.421005249 -873.817016602 1 44 61.0379981995 -914.24597168 9 42 159.761001587 -842.390991211
1.4428 1.49928 13.8306
194 151 72
7 2 2193 718.314025879 -1575.48999023 0 2264 743.814025879 -1510.39001465 3 2300 723.54901123 -1553.35998535 8 1913 747.851013184 -1504.68005371 9 1997 735.380981445 -1461.10998535 10 2200 729.383972168 -1438.29003906 11 1970 694.098022461 -1434.43005371
4.32612 -3.914 16.3026
223 197 112
16 0 758 1033.5 -833.182983398 1 25 1017.91998291 -886.323974609 2 735 1017.86999512 -888.99798584 3 762 1015.13000488 -857.507995605 4 774 992.747009277 -876.340026855 5 697 970.723999023 -856.427001953 6 748 966.312011719 -876.757019043 7 768 991.887023926 -873.239990234 8 753 1033.4699707 -848.267028809 9 820 1027.38000488 -809.215026855 10 859 1013.64001465 -807.40802002 11 792 967.960998535 -826.411010742 12 755 1021.40002441 -922.625 13 748 1006.01000977 -965.270996094 14 70 1015.17999268 -1007.52001953 15 91 1033.7800293 -1029.5
-2.82848 -3.60909 17.1477
168 137 73
9 2 1344 220.604995728 -921.901977539 3 1430 216.878005981 -900.624023438 4 1389 193.291000366 -911.138977051 5 1357 170.759002686 -906.239013672 1 1391 191.326004028 -917.893005371 6 1378 153.839004517 -920.153991699 7 1377 167.164001465 -914.950012207 9 844 274.470001221 -841.577026367 12 1348 199.759002686 -953.520996094
-0.785307 -8.10544 11.8011
247 215 158
6 0 4 440.516998291 -154.39100647 1 0 425.848999023 -70.1287002563 2 3 427.29800415 -159.481994629 6 0 366.003997803 -97.7867965698 12 3 441.304992676 -112.584999084 13 1 430.665985107 -169.106994629
0.899128 -1.70709 12.5257
30 17 0
4 1 888 648.570983887 -1013.65002441 2 927 660.395996094 -1126.47998047 6 911 608.562988281 -1053.95996094 7 929 626.74798584 -1030.5
2.13883 -2.77501 16.3945
79 64 33
3 2 2551 768.838012695 -1014.17999268 3 2684 766.651000977 -987.052978516 4 2642 744.611999512 -1001.4699707
-0.817243 -7.50642 12.6227
213 182 126
11 0 6 442.898986816 -288.287994385 1 738 420.281005859 -223.182998657 4 5 400.023010254 -273.509002686 5 0 371.125 -249.345993042 6 739 365.156005859 -247.332000732 7 750 386.269012451 -222.638000488 12 5 435.544006348 -261.273986816 13 6 425.403015137 -312.160003662 14 3 454.290008545 -360.720001221 16 549 513.159973145 -393.690002441 17 5 501.278991699 -324.084014893
-0.817243 -7.50642 12.6227
213 182 126
11 0 7 442.898986816 -288.287994385 1 739 420.281005859 -223.182998657 4 6 400.023010254 -273.509002686 5 1 371.125 -249.345993042 6 738 365.156005859 -247.332000732 7 751 386.269012451 -222.638000488 12 6 435.544006348 -261.273986816 13 5 425.403015137 -312.160003662 14 4 454.290008545 -360.720001221 16 548 513.159973145 -393.690002441 17 6 501.278991699 -324.084014893
2.71577 2.38937 13.6378
186 140 65
3 5 3203 879.257995605 -1665.16003418 6 3165 869.916992188 -1694.43005371 7 3098 891.249023438 -1696.23999023
0.581625 -1.95856 12.7502
45 32 14
7 0 936 638.093994141 -1065.79003906 2 904 612.096984863 -1089.31005859 3 973 612.429992676 -1084.97998047 4 932 586.458984375 -1055.09997559 6 883 557.848999023 -1022.09002686 7 901 575.395019531 -998.280029297 12 816 603.892028809 -984.515991211
-0.823477 -5.79361 14.7705
255 227 167
12 0 10 454.484985352 -591.385009766 1 740 419.161987305 -578.984008789 2 7 431.760009766 -622.53302002 3 13 422.29598999 -605.502990723 4 762 406.62399292 -603.106018066 5 687 382.720001221 -585.317016602 6 741 372.420013428 -592.29498291 8 5 471.537994385 -618.859008789 10 8 470.138000488 -586.718017578 12 742 429.779998779 -613.341003418 14 678 442.678985596 -696.328979492 15 627 458.209014893 -719.132019043
1.19492 -1.24489 12.2641
39 24 3
5 1 184 698.818969727 -1078.14001465 5 188 669.331970215 -1118.94995117 6 230 658.398986816 -1120.85998535 7 230 677.744995117 -1096.70996094 12 178 704.565002441 -1072.93005371
-3.518 -3.34826 16.9663
204 168 97
6 2 1372 140.130996704 -945.083007813 3 1462 137.628005981 -927.229980469 4 829 112.373001099 -935.95098877 8 808 205.457000732 -911.104003906 9 865 202.305999756 -868.268981934 11 849 197.572998047 -878.484008789
-0.749598 -5.65411 14.9014
252 223 163
8 0 13 463.636993408 -610.809997559 1 743 429.808990479 -603.197021484 4 764 415.993988037 -624.780029297 6 743 381.678985596 -614.992004395 7 755 400.966003418 -600.836975098 8 8 479.983001709 -637.528015137 12 12 438.178985596 -637.244018555 13 727 427.458007813 -681.572998047
1.80909 -3.83303 16.9745
166 135 78
3 5 1315 679.197998047 -880.208984375 1 772 714.888977051 -907.828979492 12 778 720.210021973 -945.976989746
1.40423 -1.37697 12.0387
133 118 79
6 0 1015 764.83001709 -1155.59997559 2 962 744.20098877 -1177.56994629 3 1054 744.390014648 -1175.59997559 8 1064 766.697021484 -1171.18005371 9 1145 753.643981934 -1143.69995117 10 1243 747.106994629 -1135.48999023
-4.21211 -3.72319 16.7124
96 74 22
11 0 31 97.7192001343 -856.606018066 1 751 23.7619991302 -884.741027832 2 742 58.8166999817 -899.892028809 3 786 54.8497009277 -883.866027832 4 779 29.9869003296 -887.635986328 8 32 126.801002502 -870.343017578 9 1534 125.878997803 -829.978027344 10 35 137.697998047 -823.892028809 11 1635 125.606002808 -842.872009277 12 752 33.9809989929 -917.648986816 13 745 24.896900177 -964.429016113
3.96539 -2.64662 16.0104
151 129 72
4 1 129 989.403991699 -1020.5300293 5 108 944.460021973 -993.039001465 13 166 981.729003906 -1088.64001465 14 173 991.82800293 -1122.81005859
4.11159 -3.61131 16.1335
59 38 10
11 0 39 1013.79998779 -866.145996094 1 43 997.979003906 -913.395019531 2 764 998.770019531 -920.489013672 3 56 995.04699707 -890.260986328 4 800 974.036987305 -906.388977051 5 709 952.973999023 -885.997009277 6 1352 949.114013672 -905.056030273 7 808 973.28302002 -901.258972168 8 776 1014.40002441 -880.409973145 9 848 1007.41998291 -841.325012207 11 831 950.013977051 -857.252990723
-1.32015 -0.875254 12.1877
38 25 9
14 1 973 283.364990234 -1120.38000488 2 1035 321.971984863 -1248.05004883 3 1110 326.709991455 -1252.7199707 4 1050 292.270996094 -1211.26000977 5 970 276.515991211 -1176.48999023 6 997 254.481002808 -1174.75 7 1010 263.313995361 -1147.70996094 8 1117 384.850006104 -1237.55004883 9 1187 378.157012939 -1207.02001953 10 1297 385.696014404 -1196.23999023 11 1239 366.928985596 -1206.23999023 12 946 289.402008057 -1110.89001465 13 189 276.052001953 -1106 14 130 301.113006592 -1075.33996582
4.11159 -3.61131 16.1335
59 38 10
11 0 40 1013.79998779 -866.145996094 1 42 997.979003906 -913.395019531 2 763 998.770019531 -920.489013672 3 55 995.04699707 -890.260986328 4 799 974.036987305 -906.388977051 5 708 952.973999023 -885.997009277 6 1351 949.114013672 -905.056030273 7 807 973.28302002 -901.258972168 8 775 1014.40002441 -880.409973145 9 847 1007.41998291 -841.325012207 11 830 950.013977051 -857.252990723
1.13816 2.42465 13.2526
207 167 96
5 2 3086 682.380981445 -1730.94995117 3 3219 690.554992676 -1709.93994141 4 3161 658.065002441 -1709.60998535 5 3052 653.736999512 -1684.73999023 8 3095 715.679016113 -1646.16003418
-3.61942 -3.31539 16.9382
212 181 99
16 0 64 167.25 -902.92401123 1 821 93.8179016113 -940.04699707 2 787 127.98400116 -949.299987793 3 826 126.069999695 -930.768981934 4 831 100.194000244 -938.164978027 5 757 77.0576019287 -933.265014648 6 799 57.8176002502 -946.04699707 7 849 69.4402008057 -938.54699707 8 49 194.130004883 -914.275024414 9 68 190.985992432 -871.911987305 10 61 202.138000488 -865.418029785 11 66 186.828994751 -881.447998047 12 807 102.314002991 -972.801025391 13 786 92.2483978271 -1019.84002686 14 740 111.54599762 -1050.97998047 15 717 123.565002441 -1077.77001953
0.687641 2.07047 13.4597
60 47 25
8 5 3130 583.807006836 -1623.07995605 3 3294 624.442993164 -1647.15002441 6 3101 566.359008789 -1647.26000977 7 3031 580.086975098 -1643.58996582 8 3261 656.106018066 -1591.40002441 9 3364 644.25 -1545.85998535 10 3590 642.018005371 -1520.72998047 11 3223 610.231018066 -1510.31005859
3.80473 -1.78537 15.6048
120 92 53
3 6 952 935.559020996 -1108.43994141 12 967 991.440979004 -1141.38000488 14 266 992.66998291 -1198.86999512
-0.5743 -1.55234 12.4839
103 86 58
13 1 900 414.290985107 -1027.73999023 2 937 441.332000732 -1145.31994629 3 1028 443.075012207 -1146.17004395 4 964 413.925994873 -1109.90002441 5 892 397.446990967 -1075.55004883 6 930 380.289001465 -1074.45996094 7 946 393.315002441 -1049.10998535 12 855 421.540008545 -1024.40002441 13 799 408.016998291 -1025.5 14 715 429.966003418 -1007.76000977 15 656 447.752990723 -977.531005859 16 58 487.722991943 -928.715026855 17 56 480.609985352 -828.854003906
-3.64123 -3.23566 16.9085
189 151 86
10 0 74 164.639007568 -911.041992188 1 75 89.5541992188 -947.770019531 3 97 122.791000366 -939.520019531 5 68 73.3265991211 -941.5 6 75 54.4494018555 -954.310974121 7 81 65.5805969238 -946.888000488 9 74 188.774002075 -879.893005371 10 63 199.910003662 -873.41998291 12 84 97.9649963379 -980.414978027 14 121 106.401000977 -1057.81994629
1.17554 -0.930638 11.9562
37 17 1
6 1 221 700.744018555 -1118.70996094 5 239 671.447998047 -1164.43005371 6 285 661.390014648 -1166.06005859 7 279 679.789001465 -1140.33996582 12 217 706.679016113 -1109.25 13 183 691.992004395 -1100.41003418
-3.64316 -2.74823 16.6266
204 164 78
8 2 1431 116.622001648 -1008.55999756 3 1545 115.946998596 -992.000976563 5 1452 64.5427017212 -990.224975586 1 1480 77.3298034668 -993.486022949 7 1464 54.6925010681 -995.249023438 12 1420 84.8062973022 -1024.19995117 13 1324 73.0762023926 -1067.16003418 14 1286 91.3949966431 -1093.07995605
3.54101 -3.01735 16.3477
194 157 91
12 0 89 945.598022461 -933.604980469 1 99 927.364990234 -985.020019531 2 97 928.87097168 -988.934997559 4 92 904.458007813 -976.046020508 5 79 885.456970215 -957.052001953 6 845 879.163024902 -976.99798584 7 118 902.695007324 -973.520996094 9 91 940.41998291 -905.747009277 11 92 887.171020508 -915.924987793 14 149 930.234985352 -1096.93994141 15 197 950.392028809 -1116.51000977 16 182 990.62097168 -1112.69995117
4.05272 -0.926362 14.5243
231 199 124
5 1 1613 1061.54003906 -1202.30004883 2 1032 1046.81005859 -1238.10998535 4 1055 1023.65002441 -1216.43994141 5 1606 1012.09002686 -1186.15002441 14 915 1070.66003418 -1253.72998047
4.22357 -2.31656 15.3434
237 204 123
11 0 138 1051.11999512 -1011.80999756 1 143 1044.75 -1041.64001465 2 169 1038.20996094 -1063.97998047 3 923 1036.48999023 -1037.31994629 4 155 1013.76000977 -1046.32995605 5 124 996.601013184 -1020.70001221 6 153 992.521972656 -1039.02001953 8 128 1048.2199707 -1023.54998779 9 147 1037.9699707 -986.479003906 10 132 1021.86999512 -979.71697998 12 171 1051 -1069.70996094
-1.53441 -1.25456 12.3801
42 26 10
3 0 275 337.458007813 -1168.58996582 5 191 247.550003052 -1119.5300293 6 223 225.983001709 -1116.70996094
3.99968 -1.82963 15.0186
229 194 126
13 0 189 1034.67004395 -1070.52001953 1 200 1029.9699707 -1093.07995605 2 206 1022.39001465 -1122.54003906 3 208 1019.88000488 -1096.98999023 4 199 998.411010742 -1103.13000488 5 153 982.616027832 -1075.59997559 6 194 978.424987793 -1093.61999512 7 214 1004.90997314 -1087.07995605 8 185 1031.66003418 -1081.30004883 9 222 1020.59002686 -1043.95996094 10 203 1004.94000244 -1036.01000977 12 947 1036.19995117 -1117.10998535 13 232 1024.01000977 -1144.35998535
0.520498 -0.428992 11.6969
42 21 2
3 1 1016 590.971008301 -1192.13000488 2 1065 608.54498291 -1328.9699707 4 1098 582.148986816 -1287.64001465
-0.993697 2.56461 13.171
209 171 95
3 2 3100 370.760986328 -1753.18005371 3 3232 386.239990234 -1735.85998535 8 3111 439.299987793 -1666.72998047
3.99748 -1.82927 15.0103
229 194 126
15 0 190 1034.67004395 -1070.52001953 1 201 1029.9699707 -1093.07995605 2 207 1022.39001465 -1122.54003906 3 209 1019.88000488 -1096.98999023 4 200 998.411010742 -1103.13000488 5 154 982.616027832 -1075.59997559 6 195 978.424987793 -1093.61999512 7 215 1004.90997314 -1087.07995605 8 186 1031.66003418 -1081.30004883 9 223 1020.59002686 -1043.95996094 10 202 1004.94000244 -1036.01000977 12 948 1036.19995117 -1117.10998535 13 233 1024.01000977 -1144.35998535 14 858 1035.5300293 -1164.83996582 15 795 1059.43994141 -1167.20996094
1.23092 -1.65339 12.1724
29 16 3
4 2 219 717.193969727 -1135.56994629 3 1018 715.494995117 -1131.7199707 6 912 664.310974121 -1054.19995117 7 928 683.37298584 -1029.02001953
-0.22431 -1.39723 12.4585
102 86 52
9 0 255 524.942016602 -1147.33996582 1 153 469.434997559 -1052.66003418 2 248 492.972991943 -1169.7199707 3 284 494.592987061 -1169.66003418 4 223 466.226989746 -1133.97998047 5 173 450.299987793 -1098.54003906 6 200 434.468994141 -1097.94995117 7 192 449.036010742 -1073.68005371 8 269 537.598999023 -1161.9699707
-0.0844859 -0.732067 12.0226
34 18 3
11 1 989 486.858001709 -1146.64001465 2 1044 511.859008789 -1274.93994141 4 1071 485.268005371 -1236.32995605 5 982 470.847991943 -1197.48999023 6 1020 454.304992676 -1197.32995605 7 1025 467.582000732 -1171.66003418 8 1134 556.70501709 -1261.79003906 10 1315 548.268981934 -1219.93994141 12 960 493.014007568 -1135.90002441 13 879 479.427001953 -1126.67004395 14 148 500.713989258 -1096.26000977
-0.0425132 -2.39158 12.6949
35 19 4
4 2 3122 521.252990723 -1024.64001465 0 3101 550.577026367 -1005.11999512 3 3249 521.190979004 -1022.63000488 4 3008 498.903015137 -989.543029785
1.06443 1.1082 10.781
199 165 78
2 15 2480 738.090026855 -1251.7800293 16 1914 783.25201416 -1146.5300293
0.589854 -1.34907 12.3681
38 23 7
11 0 269 642.059020996 -1155.7800293 1 926 600.017028809 -1061.16003418 2 963 615.567016602 -1178.5300293 3 292 616.646972656 -1177.83996582 4 995 589.67401123 -1142.26000977 5 178 574.554016113 -1105.06994629 6 205 562.193969727 -1105.64001465 7 204 578.978027344 -1081.22998047 8 1059 649.630981445 -1169.51000977 9 1142 638.443969727 -1139.67004395 10 321 637.125976563 -1132.60998535
1.39134 -1.31369 12.102
16 2 0
5 0 271 761.431030273 -1164.26000977 1 930 734.783996582 -1062.32995605 6 948 692.267028809 -1106.63000488 7 206 712.853027344 -1081.91003418 8 279 763.184997559 -1178.92004395
3.84033 -3.06926 16.4181
76 59 29
5 1 2828 960.065002441 -982.508972168 12 2755 965.572021484 -1018.73999023 13 2685 952.804016113 -1059.02001953 14 2413 962.273986816 -1096.17004395 15 2409 985.085021973 -1117.57995605
3.9981 -1.14332 15.2499
182 154 80
3 0 1012 1027.72998047 -1150.13000488 2 1001 1015.53997803 -1208.47998047 4 1653 991.991027832 -1189.10998535
3.99721 -1.00156 15.0724
192 164 101
8 0 276 1032.98999023 -1169.29003906 1 318 1032.05004883 -1202.48999023 2 304 1021.14001465 -1225.84997559 3 310 1019.32000732 -1199.06005859 4 314 998.244018555 -1206.97998047 5 261 985.010986328 -1180.2800293 8 276 1029.51000977 -1176.44995117 12 320 1039.7800293 -1226.51000977
0.399242 0.285302 10.9572
95 64 20
6 2 2620 592.361999512 -1464.60998535 1 2588 573.598022461 -1304.65002441 4 2698 565.338989258 -1418.33996582 5 2614 555.442016602 -1370.02001953 6 2591 539.726013184 -1368.77001953 7 2503 553.239013672 -1339.67004395
-0.242961 -1.44399 12.4822
47 28 11
4 2 244 491.661987305 -1162.7199707 3 1043 492.027008057 -1162.66003418 5 166 447.010986328 -1091.88000488 6 192 430.920013428 -1091.57995605
-0.0497597 -1.24859 12.2949
34 21 5
12 0 277 550.153015137 -1170.73999023 1 936 496.196014404 -1071.13000488 2 263 519.059997559 -1192.91003418 3 301 520.875 -1193.83996582 4 249 491.881988525 -1156.29003906 5 928 476.763000488 -1118.85998535 6 956 461.589996338 -1118.80004883 7 982 475.610992432 -1093.13000488 8 281 561.71697998 -1184.80004883 10 337 553.333984375 -1146.13000488 12 900 502.363006592 -1064.95996094 13 835 488.628997803 -1063.06994629
-0.779935 -2.33035 12.7517
22 12 3
4 12 754 397.809997559 -922.187988281 13 733 385.330993652 -930.901977539 14 680 408.652008057 -923.609985352 15 631 426.092010498 -903.051025391
0.971321 -0.490273 11.6935
36 17 1
6 0 1114 706.505004883 -1294.19995117 2 1059 681.163024902 -1320.2199707 3 1148 683.575012207 -1320.33996582 6 1041 630.710021973 -1235.29003906 7 1050 649.04498291 -1208.95996094 11 438 657.486022949 -1269.57995605
1.87184 2.59096 13.0311
221 181 103
8 3 2589 799.348022461 -1743.89001465 0 2539 814.598022461 -1691.67004395 4 2569 771.078979492 -1746.07995605 5 2465 769.237976074 -1716.68005371 6 2478 757.79498291 -1744.01000977 7 2412 777.721984863 -1744.05004883 1 2482 794.672973633 -1740.70996094 8 2367 814.773010254 -1679.02001953
1.43156 -1.27569 12.0059
149 128 94
8 0 279 769.119995117 -1171.97998047 1 167 742.539001465 -1063.69995117 2 265 748.927978516 -1193.7199707 4 243 723.549987793 -1153.70996094 5 182 709.723022461 -1110.2199707 6 213 700.58001709 -1110.81005859 7 208 720.556030273 -1084.13000488 12 158 750.651977539 -1060.29003906
2.91527 -1.44016 15.5173
206 169 91
5 0 1677 893.530029297 -1113.41003418 2 1545 876.320983887 -1168.83996582 3 1680 875.104980469 -1142.69995117 8 1696 895.486022949 -1120.19995117 10 1955 875.276977539 -1072.32995605
-2.94459 1.86896 13.7994
85 69 43
3 2 3162 107.198997498 -1621.93994141 3 3283 124.516998291 -1610.68994141 9 3358 201.136993408 -1502.89001465
0.963025 -2.88037 10.2337
110 133 54
3 15 2801 722.226013184 -586.187011719 16 2410 761.901000977 -529.815979004 17 2438 746.476989746 -417.351013184
-1.81728 -0.996418 11.7864
94 79 54
9 0 324 285.915008545 -1215.27001953 1 188 191.537002563 -1083.43005371 2 310 237.820999146 -1230.39001465 3 352 243.218994141 -1239.90002441 4 284 207.192993164 -1190.5300293 5 220 189.182998657 -1153.72998047 6 254 164.695007324 -1147.04003906 7 250 171.238998413 -1116.13000488 12 169 198.656005859 -1068.4699707
-0.566388 -0.857307 12.1479
47 29 11
9 0 332 474.641998291 -1229.95996094 1 230 407.393005371 -1126.76000977 3 371 441.95401001 -1255.45996094 6 301 376.679992676 -1177.67004395 12 224 413.907012939 -1117.25 14 132 422.140014648 -1082.35998535 15 99 440.843994141 -1041.66003418 16 90 481.476013184 -981.715026855 17 79 473.561004639 -875.025024414
-0.26369 -2.18878 12.8309
46 30 13
6 0 1594 520.468017578 -1033.47998047 2 1476 490.441986084 -1054.40002441 8 1631 533.695007324 -1050.70996094 9 1704 525.281982422 -1021.94000244 10 1897 527.304992676 -1017.40997314 11 1762 501.769989014 -1033.93994141
0.26899 2.11328 13.4999
96 75 44
10 2 3174 555.750976563 -1671.76000977 3 3296 565.844970703 -1654.93005371 4 3249 529.708007813 -1653.38000488 5 3132 522.015014648 -1629.45996094 6 3104 502.334014893 -1652.04003906 7 3035 513.780029297 -1649.95996094 8 3265 602.372009277 -1594.26000977 10 3588 591.401977539 -1522 11 3227 562.273010254 -1514.55004883 12 2993 529.047973633 -1649.92004395
1.1801 -0.799552 11.8741
128 113 79
12 0 339 734.168029785 -1243.9699707 1 238 702.762023926 -1138.0300293 2 355 711.958007813 -1268.70996094 3 377 713.434997559 -1268.0300293 4 339 686.481994629 -1228.48999023 5 266 673.791015625 -1185.04003906 6 308 662.971008301 -1185.81005859 7 294 681.997009277 -1160.27001953 8 331 737.361022949 -1256.34997559 9 379 723.645996094 -1226.84997559 10 415 718.45501709 -1216.05004883 12 234 708.833007813 -1127.35998535
1.17991 -0.799489 11.8734
128 113 79
10 0 340 734.168029785 -1243.9699707 1 239 702.762023926 -1138.0300293 2 356 711.958007813 -1268.70996094 3 378 713.434997559 -1268.0300293 4 340 686.481994629 -1228.48999023 5 267 673.791015625 -1185.04003906 6 309 662.971008301 -1185.81005859 7 295 681.997009277 -1160.27001953 9 380 723.645996094 -1226.84997559 12 235 708.833007813 -1127.35998535
-1.85054 2.73291 13.1519
91 61 31
4 2 2296 243.194000244 -1778.17004395 3 2414 262.109008789 -1763.04003906 5 2280 197.861999512 -1742.81994629 6 2273 164 -1766.44995117
0.393181 0.384279 11.0628
39 31 12
3 12 395 574.465026855 -1300.20996094 13 972 559.697998047 -1271.82995605 14 894 581.353027344 -1213.70996094
-1.75673 -0.695799 11.9181
32 16 1
7 0 354 296.572998047 -1257.66003418 2 1046 249.12600708 -1278.17004395 3 1129 255.557006836 -1285.91003418 5 305 200.697006226 -1203.31005859 7 306 182.529006958 -1170.01000977 8 350 319.606994629 -1268.20996094 10 429 325.359008789 -1227.10998535
-1.42368 -0.650487 11.9979
42 28 14
9 0 358 347.993988037 -1263.27001953 1 251 259.692993164 -1150.90002441 2 370 302.179992676 -1285.08996582 3 404 308.881988525 -1290.63000488 4 371 272.587005615 -1247.09997559 5 311 255.688995361 -1211.16003418 6 349 232.589004517 -1208.30004883 7 316 240.445007324 -1180.67004395 8 355 368.938995361 -1273.14001465
-2.92196 -3.02172 16.789
208 172 96
5 2 2714 201.720993042 -980.922973633 4 2806 174.222000122 -969.664978027 5 2700 151.807998657 -962.864013672 6 2688 133.473007202 -976.533996582 7 2610 145.320999146 -969.606994629
-0.370107 -0.968344 12.1582
45 26 7
8 2 1030 468.332000732 -1236.91003418 1 212 441.324005127 -1109.61999512 3 1105 472.194000244 -1238.23999023 5 231 426.496002197 -1160.80004883 6 275 408.87399292 -1159.73999023 8 314 516.809020996 -1225.81994629 12 931 447.410003662 -1101.60998535 13 858 434.25100708 -1095.79003906
-1.57614 -0.575743 11.8822
31 17 4
9 0 369 322.854003906 -1276.57995605 1 267 230.231994629 -1159.44995117 2 381 275.764007568 -1297.7199707 3 422 282.375 -1305.02001953 5 327 228.727996826 -1222.91003418 6 366 204.23399353 -1219.35998535 7 329 211.442993164 -1190.77001953 9 397 338.382995605 -1255.67004395 12 247 235.951004028 -1144.56005859
0.262125 -0.183866 11.5669
57 39 21
4 0 1782 598.62097168 -1344.4699707 9 1877 595.442016602 -1321.68005371 10 2086 594.562988281 -1307.31994629 11 1890 566.344970703 -1312.36999512
-3.2263 2.85397 13.2214
201 165 87
3 2 2300 41.1603012085 -1792.18994141 3 2421 65.2632980347 -1779.04003906 9 2479 152.574005127 -1649.54003906
0.844256 -1.8959 12.6288
38 25 9
7 0 1638 675.937011719 -1075.13000488 1 1474 639.831970215 -988.669006348 2 1500 651.598999023 -1097.77001953 5 1487 609.921020508 -1026.18994141 6 1472 599.432983398 -1028.91003418 8 1664 682.044006348 -1092.48999023 10 1176 668.593994141 -1058.08996582
0.607312 -0.393065 11.6505
52 25 4
15 0 396 651.094970703 -1310.39001465 1 1017 606.025024414 -1197.82995605 2 1069 622.992980957 -1335.7800293 3 1161 626.585998535 -1337.34997559 4 1104 597.013977051 -1294.15002441 5 1030 584.758972168 -1250.07995605 6 1054 570.869018555 -1250.88000488 7 1061 586.905029297 -1224.14001465 8 379 656.885986328 -1320.05004883 9 437 644.484985352 -1289.41003418 10 478 641.851013184 -1276.75 12 996 612.101013184 -1182.51000977 13 903 597.593994141 -1166.52001953 14 176 617.521972656 -1128.44995117 15 146 638.492980957 -1075.33996582
0.683677 -0.219582 11.5073
56 33 11
11 0 409 664.273010254 -1340.77001953 1 337 620.270019531 -1225.18005371 2 434 636.739013672 -1366.68994141 3 465 640.346984863 -1368.81005859 4 427 610.237976074 -1324.18994141 5 381 598.87097168 -1279.13000488 6 415 585.487976074 -1279.65002441 7 402 601.713012695 -1252.97998047 8 394 669.624023438 -1349.35998535 12 306 625.916992188 -1207.41003418 13 270 611.604003906 -1189.17004395
0.0288326 0.134163 11.4094
42 24 7
3 0 1190 563.513000488 -1398.70996094 2 1133 528.599975586 -1426.31994629 10 1422 562.770996094 -1355.85998535
-2.67143 -0.141733 15.4536
213 177 94
5 2 2806 194.240997314 -1317.92004395 0 3146 242.356994629 -1265.81005859 3 2952 201.731002808 -1303.7199707 8 3186 267.894012451 -1266.39001465 9 3301 265.537994385 -1222.81005859
0.605437 -0.208205 11.5176
145 117 77
13 0 411 651.721008301 -1342.41003418 1 1044 606.833984375 -1226.57995605 2 1085 623.572998047 -1368.45996094 3 1177 627.521972656 -1370.30004883 4 428 597.570983887 -1325.70996094 5 1052 586.062011719 -1281.2199707 6 1078 571.95501709 -1281.31994629 7 1084 587.526977539 -1254.58996582 8 395 657.557983398 -1351.18005371 9 461 644.606018066 -1320.09997559 10 509 642.15802002 -1306.26000977 12 1012 612.349975586 -1209.19995117 14 197 617.635986328 -1148.95996094
-0.626335 -0.081595 11.7952
38 23 3
4 1 361 388.256011963 -1248.45996094 3 488 430.479003906 -1384.33996582 4 451 395.256988525 -1341.83996582 5 408 381.67199707 -1303.38000488
0.764421 -0.177144 11.4814
40 22 0
12 0 419 676.37298584 -1348.38000488 1 344 635.291015625 -1232.69995117 2 441 649.940979004 -1374.76000977 3 476 653.747009277 -1376.17004395 4 436 623.604980469 -1331.80004883 5 396 613.047973633 -1286.5 6 430 599.273986816 -1287.05004883 7 411 615.820007324 -1260.0300293 8 400 681.611999512 -1356.56994629 9 465 667.676025391 -1325.89001465 10 516 664.646972656 -1311.43994141 11 471 631.583984375 -1316.0300293
2.32795 -2.52991 15.9616
99 78 41
6 0 3096 817.607971191 -986.559997559 2 2930 796.065002441 -1038.67004395 3 3080 795.697998047 -1013.44000244 8 3149 822.973022461 -999.119018555 9 3277 815.34197998 -959.778991699 10 3232 808.218017578 -949.851989746
0.535374 -0.0127986 11.3961
70 38 15
10 0 1178 641.922973633 -1376.32995605 1 377 595.968017578 -1259.05004883 2 1106 612.672973633 -1403.29003906 3 1202 618.096984863 -1406.14001465 4 463 585.849975586 -1360.19995117 5 417 574.507019043 -1314.5 6 1112 560.416992188 -1315.32995605 8 421 647.773986816 -1383.09997559 9 488 634.780029297 -1351.92004395 11 494 602.098999023 -1340.14001465
3.79753 0.230365 14.3877
215 181 106
9 2 3014 1020.7800293 -1391.23999023 3 2973 1019.91998291 -1366.85998535 5 2955 990.445983887 -1341.07995605 4 2932 999.232971191 -1371.06994629 6 2916 986.385986328 -1362.55004883 8 3005 1025.75 -1334.60998535 9 3117 1010.40002441 -1294.80004883 10 3339 993.921020508 -1277.2800293 11 2999 947.331970215 -1280.66003418
0.7146 -2.21505 12.654
24 11 2
3 14 685 630.158996582 -943.465026855 16 557 687.494018555 -879.273010254 17 902 680.726989746 -781.098999023
0.565762 -0.0688475 11.4389
62 32 1
11 0 431 646.315979004 -1366.10998535 1 365 599.580993652 -1249.90002441 2 458 617.518981934 -1393.06005859 3 493 621.70098877 -1394.86999512 4 453 591.086975098 -1350.43005371 5 410 580.164001465 -1305.18005371 6 454 565.374023438 -1305.42004395 7 427 581.203979492 -1278.66003418 8 410 652.732971191 -1373.92004395 10 530 637.17199707 -1327.43005371 12 323 605.531005859 -1230.88000488
-2.30311 2.48901 13.1208
216 178 106
3 0 1949 241.942993164 -1672.18994141 10 1565 278.332000732 -1581.15002441 11 1511 263.135986328 -1571.85998535
0.565775 -0.0688209 11.4392
62 32 1
10 0 432 646.315979004 -1366.10998535 1 366 599.580993652 -1249.90002441 2 459 617.518981934 -1393.06005859 3 494 621.70098877 -1394.86999512 4 454 591.086975098 -1350.43005371 5 411 580.164001465 -1305.18005371 6 455 565.374023438 -1305.42004395 7 428 581.203979492 -1278.66003418 8 411 652.732971191 -1373.92004395 10 531 637.17199707 -1327.43005371
-3.45033 -0.843147 15.6574
225 185 104
2 1 1990 52.8830986023 -1201.06994629 6 2017 28.3929004669 -1218
0.850198 -0.358538 11.632
44 26 8
3 1 1029 648.552978516 -1204.68994141 2 1075 662.723999023 -1342.18994141 4 1109 636.361022949 -1300.44995117
-1.32111 1.23539 14.0792
48 21 1
3 4 570 310.252990723 -1506.63000488 6 583 271.213012695 -1506.22998047 7 588 278.591003418 -1498.58996582
-4.34832 1.50841 13.6087
232 196 110
3 8 1292 20.7063999176 -1511.75 9 576 23.4563999176 -1466.58996582 10 1471 45.1902999878 -1442.5300293
-0.713326 0.0247763 11.7225
37 21 5
10 0 436 450.845001221 -1371.38000488 1 1082 371.006011963 -1264.52001953 3 1199 416.165985107 -1403.70996094 4 1135 380.183990479 -1360.35998535 5 1081 366.713989258 -1321.85998535 6 1116 344.700012207 -1321.79003906 7 1117 353.756988525 -1295.47998047 9 482 457.45300293 -1344.56005859 10 537 462.382995605 -1329.39001465 11 483 440.316009521 -1332.83996582
3.15578 -1.56858 15.565
211 179 98
7 1 1950 905.122009277 -1135.98999023 4 2067 880.276977539 -1136.94995117 6 1977 858.791015625 -1134.11999512 8 1675 921.075012207 -1105.97998047 0 1652 919.806030273 -1097.68994141 3 1663 902.497009277 -1127.05004883 14 1392 912.752990723 -1218
0.256079 0.354414 10.9265
34 17 7
3 2 524 568.169006348 -1477.59997559 3 570 574.468994141 -1483.43994141 6 526 513.479980469 -1381.60998535
-0.602997 0.0224437 11.7148
30 16 3
9 0 437 467.541992188 -1371.27001953 1 387 390.544006348 -1264.7800293 2 470 426.614013672 -1400.08996582 3 503 433.986999512 -1402.94995117 4 462 398.061004639 -1360.13000488 5 425 384.730010986 -1321.29003906 6 474 363.450012207 -1321.34997559 7 449 373.320007324 -1295.38000488 12 340 395.053985596 -1248.22998047
3.36291 -0.636471 16.4423
158 133 78
3 5 335 869.914001465 -1231.5300293 6 398 864.742004395 -1256.40002441 7 408 889.525024414 -1258.10998535
-3.37792 -1.51147 15.9002
202 165 95
8 1 1944 76.9301986694 -1122.55004883 12 1888 81.1557006836 -1145.18994141 13 1781 67.6600036621 -1180.94995117 14 1748 84.4298019409 -1196.20996094 0 2123 171.985992432 -1102.27001953 3 2136 127.664001465 -1133.83996582 15 1699 95.2813034058 -1208.18994141 16 1416 135.964996338 -1188.55004883
3.44032 -2.21064 15.8972
87 73 36
9 2 2943 929.12097168 -1078.90002441 3 3092 927.106994629 -1050.18005371 4 3031 905.075012207 -1063.95996094 5 2891 888.315979004 -1042.61999512 1 2845 929.013977051 -1065.32995605 6 2859 881.802001953 -1061.57995605 7 2771 905.109008789 -1056.75 12 2765 935.24597168 -1096.86999512 13 2690 924.349975586 -1133.2199707
0.0748124 0.0753823 11.4186
82 57 26
6 1 1091 510.266998291 -1272.55004883 2 1122 536.268981934 -1416.45996094 3 1216 542.45300293 -1420.05004883 4 1152 508.920013428 -1373.93994141 7 1129 492.653991699 -1303.31005859 10 1416 569.45300293 -1347.5300293
0.184466 0.0183347 11.459
134 107 62
12 0 448 587.151000977 -1379.02001953 1 386 530.479003906 -1263.38000488 2 473 554.380004883 -1406.55004883 3 509 559.768005371 -1409.48999023 4 469 527.380004883 -1363.94995117 5 422 515.87902832 -1320.2800293 6 475 499.023986816 -1320.91003418 7 1113 512.677001953 -1293.7800293 8 422 596.244995117 -1385.44995117 9 489 584.258972168 -1353.81994629 10 544 584.021972656 -1338.31994629 12 336 536.150024414 -1244.40002441
3.66623 -1.32099 15.3107
212 175 94
3 2 256 972.75201416 -1184.82995605 6 281 929.655029297 -1161.95996094 8 235 985.190979004 -1136.93994141
-3.49974 0.946564 14.4728
83 55 31
4 4 1830 22.6138000488 -1455.97998047 3 1882 70.974899292 -1463.48999023 10 1419 166.486999512 -1350.32995605 11 504 154.541000366 -1351.05004883
0.517279 0.0211656 11.3572
126 102 66
12 0 451 639.838989258 -1382.5 1 389 591.815979004 -1264.10998535 2 1113 609.554016113 -1410.05004883 3 1210 614.216003418 -1412.81994629 4 1146 583.052978516 -1366.66003418 5 424 573.375 -1320.7800293 6 477 558.21697998 -1321.22998047 7 446 573.591003418 -1293.73999023 8 426 645.606994629 -1389.64001465 9 494 632.203979492 -1358.31005859 10 548 630.442993164 -1342.75 11 501 599.387023926 -1345.75
-2.97158 2.89906 12.9935
194 148 73
7 2 2309 71.0789031982 -1811.43994141 3 2432 95.0473022461 -1797.59997559 4 2395 33.4533004761 -1792.14001465 5 2295 16.5622997284 -1778.10998535 9 2113 178.063995361 -1667.42004395 10 2333 194.035003662 -1635.5 11 2102 183.027999878 -1624.67004395
3.41106 1.18677 13.8303
96 61 20
8 0 1236 999.690979004 -1469.42004395 2 1181 989.630981445 -1535.79003906 3 1254 989.768981934 -1510.02001953 4 1207 968.539001465 -1512.14001465 6 582 958.46697998 -1503.76000977 7 1195 985.344970703 -1501.73999023 8 1261 994.221008301 -1467.97998047 10 606 961.315002441 -1402.76000977
-2.9447 1.22943 25.3008
105 77 30
3 15 585 227.035003662 -1826.14001465 13 588 231.195007324 -1652.79003906 16 520 257.389007568 -1871.44995117
-3.99417 1.95945 12.9663
123 101 50
2 8 1331 43.1389007568 -1595.7199707 10 1526 67.6676025391 -1519.65002441
0.551516 0.0418829 11.3531
59 36 5
10 0 456 644.922973633 -1386.11999512 1 394 597.448974609 -1267.97998047 2 480 615.835021973 -1413.43994141 3 518 620.481994629 -1416.10998535 4 477 589.236999512 -1370.04003906 5 436 578.565002441 -1324.51000977 6 481 563.767028809 -1325.0300293 7 454 579.007019043 -1297.72998047 8 429 651.007019043 -1392.85998535 9 498 637.711975098 -1361.39001465
-1.23391 1.48237 14.0233
197 163 92
5 2 561 349.889007568 -1562.70996094 3 602 361.669006348 -1547.32995605 6 1202 282.442993164 -1544.45996094 7 1206 288.682006836 -1537.43005371 9 566 411.614013672 -1449.20996094
0.551119 0.0419287 11.3492
59 36 5
7 0 457 644.922973633 -1386.11999512 1 393 597.448974609 -1267.97998047 2 481 615.835021973 -1413.43994141 4 478 589.236999512 -1370.04003906 5 437 578.565002441 -1324.51000977 6 480 563.767028809 -1325.0300293 7 453 579.007019043 -1297.72998047
3.49786 -4.02373 16.7152
65 48 18
12 2 2329 914.604980469 -881.716003418 0 2016 933.547973633 -825.229980469 3 2448 911.831970215 -850.403991699 4 2600 888.956970215 -870.567016602 5 2494 866.838012695 -853.888977051 6 2503 860.593994141 -874.533996582 1 2645 908.877990723 -885.182006836 7 2575 883.791992188 -871.79901123 8 2068 936.732971191 -839.677001953 9 1508 932.260009766 -798.82800293 11 1624 880.114990234 -816.987976074 12 2569 913.479980469 -924.283996582
0.000606184 0.195774 11.348
38 19 1
11 0 1198 559.244995117 -1410.22998047 2 1138 523.815979004 -1438.84997559 3 1226 530.450012207 -1442.25 4 1160 496.122009277 -1395.34997559 1 426 495.82901001 -1292.84997559 5 1102 484.87701416 -1351.89001465 6 1134 466.622009277 -1352.25 7 493 478.82598877 -1324.07995605 8 1242 569.682983398 -1415.23999023 9 512 557.781005859 -1382.95996094 11 518 531.431030273 -1368.83996582
-0.14731 0.215873 11.3841
51 25 2
8 0 477 536.349975586 -1411.73999023 1 432 468.470001221 -1296.27001953 2 498 499.165985107 -1440.56005859 3 535 506.411010742 -1444.57995605 4 498 471.369995117 -1398.11999512 5 462 459.880004883 -1355.10998535 6 502 440.639007568 -1355.44995117 7 501 451.67300415 -1328.31994629
-0.437795 1.66553 13.525
108 73 24
8 0 555 495.963989258 -1542.45996094 2 1205 454.164001465 -1605.77001953 4 2297 430.218994141 -1583.93994141 5 2185 419.132995605 -1561.43005371 1 2435 418.865997314 -1561.43005371 6 2436 397.136993408 -1581.08996582 7 2369 406.381988525 -1573.27001953 3 617 463.695007324 -1589.48999023
1.40353 1.04714 14.9814
110 78 36
2 5 2139 664.638000488 -1448.48999023 6 2137 650.95098877 -1472.25
0.0784211 -2.34514 12.7577
112 127 46
3 1 2299 523.455993652 -923.669006348 12 2204 529.778015137 -925.049987793 16 1636 590.656005859 -870.065002441
0.517548 0.0211533 11.357
121 93 55
10 0 450 639.838989258 -1382.5 2 1112 609.554016113 -1410.05004883 3 1209 614.216003418 -1412.81994629 4 1145 583.052978516 -1366.66003418 5 423 573.375 -1320.7800293 6 478 558.21697998 -1321.22998047 7 445 573.591003418 -1293.73999023 1 388 591.815979004 -1264.10998535 9 493 632.203979492 -1358.31005859 10 547 630.442993164 -1342.75
-1.68996 2.82272 12.6307
85 54 8
3 5 1255 210.977996826 -1777.11999512 6 701 177.328994751 -1800.54003906 7 704 176.231994629 -1793.36999512
3.34917 1.8413 13.4387
107 75 39
2 0 571 1004.16998291 -1570.57995605 1 616 1018.67999268 -1611.33996582
-2.43423 0.861399 14.3556
204 162 88
3 2 2154 196.485992432 -1466.51000977 4 2225 164.75100708 -1447.40002441 5 2123 147.725997925 -1433.10998535
-1.81154 2.40066 13.4921
83 54 17
3 2 621 257.540008545 -1713.22998047 0 616 315.316009521 -1642.30004883 3 652 274.372009277 -1697.67004395
3.42203 1.9946 13.3676
188 147 81
10 0 584 1016.34002686 -1594.68994141 1 1261 1034.29003906 -1638.40002441 2 597 1008.5 -1666.97998047 3 1301 1008.59997559 -1640.35998535 6 1234 983.440979004 -1637.07995605 8 556 1008.5300293 -1587.22998047 9 615 989.322998047 -1543.33996582 12 1224 1047.34997559 -1650.38000488 13 1149 1045.30004883 -1659.27001953 14 1119 1064.97998047 -1645.18994141
-1.99004 1.03647 14.3993
205 163 90
3 5 515 209.36000061 -1456.68994141 6 565 181.798995972 -1474.06994629 7 577 186.583999634 -1465.40002441
-3.55662 1.07037 14.2752
216 181 106
4 0 1220 107.209999084 -1439.93005371 2 1167 42.3254013062 -1495.31994629 3 1250 57.3263015747 -1485.16003418 11 519 144.220001221 -1370.38000488
1.63719 2.29333 13.2713
221 172 104
10 0 614 777.875976563 -1638.41003418 1 647 750.247009277 -1682.2800293 3 648 760.525024414 -1688.32995605 4 660 731.505004883 -1689.79003906 5 598 727.700012207 -1662.34997559 7 660 733.723022461 -1686.72998047 13 612 748.612976074 -1699.56994629 12 632 755.99798584 -1690.32995605 14 563 766.013977051 -1679.55004883 16 432 838.793029785 -1582.34997559
0.0657152 -0.808492 12.0223
41 21 0
5 2 2065 535.74798584 -1263.26000977 4 2115 509.200012207 -1224.56005859 6 2000 479.083007813 -1184.93994141 8 1763 578.034973145 -1251.05004883 10 2033 568.851989746 -1210.56994629
-0.566973 -0.304676 11.9389
36 20 3
