# Camera parameter file. 

# The format of each camera is as follows:
# Filename (of the undistorted image in visualize folder)
# Original filename
# Focal Length (of the undistorted image)
# 2-vec Principal Point (image center)
# 3-vec Translation T (as in P = K[R T])
# 3-vec Camera Position C (as in P = K[R -RC])
# 3-vec Axis Angle format of R
# 4-vec Quaternion format of R
# 3x3 Matrix format of R
# [Normalized radial distortion] = [radial distortion] * [focal length]^2
# 3-vec Lat/Lng/Alt from EXIF

# The nubmer of cameras in this reconstruction
18

00000000.jpg
image14.jpg
1916.19
766 574.5
0.107702136729 2.52401740959 0.970150609163
-0.107273 -2.50914 -1.00805
-0.0150073165499 0.00122415313843 0.000310612826231
0.999971648311 -0.007503587361 0.000612070784736 0.000155304945379
0.999999202499 -0.000319786537653 0.00122177617454
0.000301415631235 0.999887344114 0.0150069393585
-0.00122643755144 -0.015006559128 0.999886643092
-0.0177902
0 0 0

00000001.jpg
image7.jpg
1916.19
766 574.5
0.0515172613338 -1.46115622025 -0.417072863452
0.00825875 1.29288 0.799984
-0.275942730015 -0.0207830372894 0.0339438150421
0.990299660027 -0.137524952787 -0.0103578964441 0.0169169941923
0.999213058577 -0.0306568487558 -0.0251678603096
0.0363547256336 0.961601405337 0.272031379033
0.0158618249992 -0.272732276929 0.961959202684
-0.0177902
0 0 0

00000002.jpg
image12.jpg
1916.19
766 574.5
0.065719647504 1.5115664802 0.273229985924
-0.0947374 -1.47402 -0.426728
-0.103442372779 -0.0132447824444 0.0163153264501
0.99860758093 -0.0516971783051 -0.00661931722218 0.00815387657819
0.999779397873 -0.0156006458845 -0.01406326554
0.0169694459753 0.994521832104 0.103142442145
0.0123771358946 -0.103358334528 0.99456717279
-0.0177902
0 0 0

00000003.jpg
image13.jpg
1916.19
766 574.5
0.0916072712438 2.15287373421 0.390433573052
-0.0933649 -2.12965 -0.501567
-0.0524674170422 -0.0134101201285 -0.00197253725172
0.999632953447 -0.0262304987784 -0.00670423968778 -0.000986147954075
0.999908161365 0.00232328308561 -0.013351823534
-0.00161986088185 0.998621976892 0.052454964673
0.0134552921448 -0.052428519184 0.998534028208
-0.0177902
0 0 0

00000004.jpg
image11.jpg
1916.19
766 574.5
0.0241580442772 0.848502579819 0.167919982749
-0.0426819 -0.817299 -0.280959
-0.136452613757 -0.0238064635451 0.0157890760924
0.997571563717 -0.0681710701857 -0.0118935947984 0.00788814655016
0.999592639094 -0.0141163832062 -0.0248049107067
0.0173595795493 0.990580964667 0.135823405333
0.0226539371383 -0.136198679008 0.990422495185
-0.0177902
0 0 0

00000005.jpg
image10.jpg
1916.19
766 574.5
0.0790433160437 0.196959056317 0.0818720126774
-0.0824227 -0.180694 -0.110905
-0.168622846012 -0.0356655308574 -0.000353409292105
0.996289070043 -0.08420710592 -0.0178107012522 -0.000176486012408
0.999365495547 0.00335123738405 -0.0354594912219
0.00264791304335 0.985818264331 0.167795525175
0.0355189367273 -0.167782951817 0.985183884467
-0.0177902
0 0 0

00000006.jpg
image9.jpg
1916.19
766 574.5
0.0602525928402 -0.293798871865 -0.190334309204
-0.048436 0.248849 0.248804
-0.206455834053 -0.0411577200047 0.0100833488601
0.994452680985 -0.103036966946 -0.0205407934106 0.00503234838565
0.999105502552 -0.00577594258412 -0.0418907299821
0.0142417867909 0.978716117824 0.204724039184
0.039816658325 -0.205137512898 0.977922918497
-0.0177902
0 0 0

00000007.jpg
image8.jpg
1916.19
766 574.5
0.0478910090975 -0.828005808876 -0.436649863804
-0.0174723 0.703783 0.618817
-0.235361909269 -0.0319105706582 0.0175409505656
0.992918224686 -0.117403026567 -0.015917603602 0.00874976197997
0.999340143122 -0.013638046586 -0.0336642544958
0.0211131459403 0.972279942036 0.232864658938
0.0295552603431 -0.233421759909 0.971926318497
-0.0177902
0 0 0

00000008.jpg
image15.jpg
1916.19
766 574.5
0.0559635625638 2.89047247801 1.60082947655
-0.0371753 -2.89218 -1.59829
0.00107882952252 0.0124503268143 0.000389794717981
0.999980459257 0.000539411247733 0.00622512285899 0.000194896089509
0.999922419722 -0.000383068759612 0.0124502126892
0.000396500364767 0.999999342102 -0.00107637491027
-0.0124497921726 0.00108122791868 0.999921913762
-0.0177902
0 0 0

00000009.jpg
image16.jpg
1916.19
766 574.5
-0.0669640631986 3.25579700104 1.87051643618
0.0881448 -3.3402 -1.7143
0.0469694835614 0.0164891344259 0.00254060415441
0.999689456248 0.0234823107171 0.00824371376235 0.00127017057969
0.9998608557 -0.00215238937625 0.0165419605375
0.00292671516837 0.9988939355 -0.046929095019
-0.0164226543767 0.0469709787098 0.998761244534
-0.0177902
0 0 0

00000010.jpg
image17.jpg
1916.19
766 574.5
-0.0426380975547 3.4527103364 2.46447860669
0.0677093 -3.60256 -2.23912
0.0636170270331 0.0155901603396 0.00328909079387
0.999462423503 0.0318028134758 0.00779368330243 0.00164425069672
0.99987310988 -0.00279101145967 0.0156835707994
0.0037824556851 0.997971754989 -0.0635458045232
-0.0154744036065 0.0635970636 0.997855679111
-0.0177902
0 0 0

00000011.jpg
image18.jpg
1916.19
766 574.5
-0.0790993364835 3.70879140265 3.21797641231
0.0657284 -3.92757 -2.94731
0.0708370859226 0.00115934762887 0.0044364522897
0.999370201252 0.035411107131 0.000579552116709 0.00221776044661
0.999989491316 -0.00439168224353 0.00131544093655
0.0044737725719 0.997482270061 -0.0707750399046
-0.00100130752549 0.0707801811357 0.997491435222
-0.0177902
0 0 0

00000012.jpg
image6.jpg
1916.19
766 574.5
0.0804551537835 -2.32461098622 -0.221726838631
0.0234196 2.11404 0.994856
-0.344611897299 -0.0183955897163 0.0412905114813
0.984937880872 -0.171439979264 -0.00915156889312 0.0205414975155
0.998988591333 -0.0373263085032 -0.0250707215607
0.0436020876283 0.940372760779 0.337339485887
0.0109841859282 -0.338091433606 0.941049164593
-0.0177902
0 0 0

00000013.jpg
image5.jpg
1916.19
766 574.5
0.017834572722 -3.30933752836 0.0977798736781
0.119061 3.05145 1.27909
-0.426575988953 -0.019133321112 0.0388287378845
0.977107775815 -0.211657951438 -0.00949354782182 0.0192659955797
0.999077387928 -0.0336311384117 -0.0267080411071
0.0416686779471 0.909659466015 0.413259455025
0.0103968364799 -0.413991065626 0.910221568286
-0.0177902
0 0 0

00000014.jpg
image4.jpg
1916.19
766 574.5
0.201732052739 -4.47933176967 0.705444737555
0.0407704 4.24505 1.60644
-0.517587323454 -0.0200871157581 0.0522561304439
0.96631201049 -0.255881002778 -0.0099305201078 0.0258340002804
0.9984679784 -0.0448453466134 -0.0324128214962
0.0550094723866 0.867715033694 0.494008682362
0.00597110190612 -0.495034862599 0.868852594376
-0.0177902
0 0 0

00000015.jpg
image3.jpg
1916.19
766 574.5
0.267059898197 -5.67104761868 1.0899742324
0.0385648 5.28968 2.33194
-0.604805075689 -0.0136814659459 0.052492753599
0.95426150318 -0.297777844967 -0.00673611649296 0.0258449865443
0.99857332281 -0.0453140189133 -0.028248162093
0.0533374839242 0.821320783435 0.567967678224
-0.00253609549237 -0.568664057584 0.822565959563
-0.0177902
0 0 0

00000016.jpg
image2.jpg
1916.19
766 574.5
0.327558660304 -6.72263356723 1.61279539659
0.0836942 6.27243 2.92435
-0.671723361971 0.00626702628889 0.0615077470836
0.943657825255 -0.329529938978 0.00307443943068 0.0301740944124
0.998160143697 -0.0589742803005 -0.0140840973268
0.0549218009486 0.780999086687 0.622112547997
-0.025688972635 -0.621741474294 0.782801134278
-0.0177902
0 0 0

00000017.jpg
image1.jpg
1916.19
766 574.5
0.101535195038 -7.49182032363 1.72816032607
0.246234 6.90234 3.37954
-0.681646381939 0.0186248898894 0.0485609185803
0.942148218567 -0.334225077536 0.00913216211855 0.0238104055237
0.998699336408 -0.0509702574794 0.00129163127865
0.0387614671108 0.775453324269 0.630214003769
-0.033123769808 -0.629344241836 0.776420402322
-0.0177902
0 0 0

