# Bundle file v0.3
18 3294
2022.15795898 0 0
0.0962271099791 0.995359404087 7.02640029104e-007
0.207274244029 -0.0200377011134 -0.978077644309
-0.973538767111 0.0941177306861 -0.208240538088
-0.117702456836 0.282025697573 1.30482740111
2053.02001953 0 0
0.120430502585 0.992486685711 0.0216026094131
0.358843517224 -0.0232326799322 -0.933108553561
-0.925595929223 0.120126688415 -0.358945336419
-0.214403581137 -0.558514607967 0.785138040096
2027.44042969 0 0
0.0911351744146 0.995693766591 0.0169794922254
0.261251315022 -0.00745195409812 -0.965242051912
-0.960958963944 0.0924034174256 -0.260805441017
-0.119359267476 -0.0217247097153 1.29126399768
2031.77966309 0 0
0.104965414417 0.994300163343 0.0186935002484
0.297693869876 -0.0134802117969 -0.954566207095
-0.948873343294 0.105761377947 -0.297412019462
-0.132939405261 -0.204797087653 1.11045365462
2042.28942871 0 0
0.115440833616 0.993072917233 0.0218996573706
0.31474149619 -0.0156586578227 -0.949048258526
-0.942131203448 0.116451653033 -0.314368904308
-0.166783093677 -0.357237563354 0.884169841572
2030.03894043 0 0
0.119752312304 0.992592806392 0.0204671541088
0.373113876626 -0.025891296982 -0.927424215669
-0.920024683781 0.118697773526 -0.373450692586
-0.204338519056 -0.640571228761 0.663970045999
2054.01513672 0 0
0.1074940142 0.994092438425 0.0150086900903
0.382475067395 -0.0274143208858 -0.923559027801
-0.917691592929 0.105017517002 -0.383162447782
-0.19557615384 -0.75026906495 0.350181500018
2026.30541992 0 0
0.0864770867162 0.996252964238 -0.00132087815008
0.17222302433 -0.0162552186933 -0.984923853786
-0.981254780046 0.0849458598829 -0.172983402456
-0.119150678563 0.557883995248 1.30104541464
2026.94775391 0 0
0.0715870900717 0.997358848617 0.0122725555739
0.138921257495 0.00221440350159 -0.990300954576
-0.98771259623 0.0725976824863 -0.138395822721
-0.0977906141858 0.827279810903 1.29870040866
2022.37072754 0 0
0.0682512871376 0.997666533985 0.00180243472978
0.0991031354455 -0.00498200272205 -0.995064695482
-0.992733766097 0.068093073185 -0.0992119097452
-0.0877610866078 1.04861522915 1.36255420237
2021.29528809 0 0
0.078602579288 0.996900795044 -0.00323100152193
0.067946044102 -0.00859077405205 -0.997652010318
-0.994587839067 0.078198487471 -0.0684107223839
-0.101434334666 1.26969935707 1.41090187387
2028.37561035 0 0
0.0908293663807 0.995723379564 -0.0168812793449
0.02355373367 -0.0190945482443 -0.999540204223
-0.995587890562 0.0903899862639 -0.0251873490096
-0.0991865548239 1.54228874964 1.33969947627
2025.55480957 0 0
0.0925271567398 0.99543426233 -0.0234383157523
-0.0477352787978 -0.0190776198575 -0.998677819709
-0.994565266045 0.0935236536938 0.0457521341144
-0.0837214345203 1.92130914506 1.20220501548
2019.6451416 0 0
0.0900032626889 0.995728567005 -0.0205920750636
-0.13090748466 -0.00866901969658 -0.991356685839
-0.987300685286 0.0919209929644 0.129568082054
-0.102823607384 2.34761726428 1.00645111441
2019.8885498 0 0
0.0865018036992 0.995704601904 -0.0330118721535
-0.224328513727 -0.0128179719767 -0.974429277846
-0.970666861434 0.0916953943266 0.22225615576
-0.0213059635311 2.83783580998 0.682767608892
2010.97241211 0 0
0.089635101564 0.995444220711 -0.0325015694966
-0.309519881134 -0.00317596462495 -0.95088766762
-0.946658857113 0.0952927945903 0.307825098959
-0.00182048295629 3.30878681007 0.448352505841
1998.09558105 0 0
0.105587769842 0.993535213553 -0.0417013463758
-0.374954519404 0.000937743690244 -0.927042733112
-0.921010494641 0.113520483027 0.372629532774
0.0101048406984 3.70864666576 0.197497748875
1985.13891602 0 0
0.118186296741 0.992558169949 -0.0293305051186
-0.385443957101 0.0186342121982 -0.922543073287
-0.915131113664 0.120337215373 0.384777857211
-0.0939479175767 3.96697384457 0.160609838579
4.90698202117 -1.13901176527 3.01485022102
187 145 69
2 0 23 -378.281799316 -793.203735352 1 39 -290.512573242 -663.871704102
5.16977635466 -0.94508189626 3.01518176015
191 152 79
2 10 313 -330.183288574 -703.791870117 13 237 -346.513000488 -708.568481445
6.68279545706 0.686954615471 1.42667759305
244 214 151
16 0 30 451.855712891 96.2059326172 1 54 462.941040039 174.968017578 2 35 448.291015625 127.35949707 3 43 468.189025879 151.808898926 4 41 468.941467285 135.688293457 5 50 450.180847168 174.878173828 6 51 406.012023926 153.306030273 7 33 425.819274902 109.156494141 8 29 403.913574219 128.608764648 9 28 399.311950684 108.768310547 10 30 423.279296875 112.422485352 11 30 448.186645508 100.045471191 12 24 453.110229492 63.2614746094 13 28 436.581420898 20.4808349609 14 19 445.284545898 -22.350769043 15 20 464.972045898 -44.3728637695
6.5743805701 0.73231227903 1.65627323065
224 192 116
16 0 31 470.163146973 4.8212890625 1 55 476.746643066 84.3245849609 2 34 467.45135498 33.335144043 3 50 484.845825195 60.1331787109 4 42 484.276855469 45.5524291992 5 47 462.848083496 87.6817016602 6 48 417.700744629 69.4094848633 7 35 445.23651123 17.1614990234 8 33 425.361877441 41.3704223633 9 31 420.68182373 17.9407958984 10 31 446.237792969 21.8082275391 11 31 472.444519043 8.89123535156 12 25 477.065795898 -25.2868652344 13 33 462.325561523 -60.8941650391 14 20 476.587890625 -106.956298828 15 33 494.36328125 -116.381591797
7.72994409227 -1.94604019316 2.68487937484
103 87 53
2 0 210 -382.122375488 -204.824584961 12 119 -426.526000977 -340.357666016
5.08431800207 -0.767038426395 3.11974302004
81 53 19
2 8 2761 -224.519775391 -759.546020508 13 2632 -264.380249023 -784.274169922
6.71803411367 0.579370395537 1.51507461878
84 66 33
16 0 46 407.936706543 66.9762573242 1 82 421.634460449 148.574401855 2 54 404.682189941 98.1940307617 3 68 425.703186035 122.936218262 4 72 427.452148438 108.759765625 5 75 410.391357422 151.224060059 6 77 367.941650391 131.529052734 7 43 382.120361328 78.3909301758 8 44 360.61126709 96.4196166992 9 43 354.383728027 76.3479003906 10 43 378.213623047 79.3681030273 11 38 403.589782715 66.8215942383 12 36 409.006713867 29.2912597656 13 38 393.995178223 -14.7790527344 14 39 404.656311035 -57.2023925781 15 32 424.559082031 -80.5941162109
6.50821409291 0.622197100538 1.71555394185
105 86 52
8 0 49 428.87109375 -22.3994750977 1 88 436.98425293 58.1782836914 2 57 427.472045898 6.63366699219 3 74 445.348510742 31.3723144531 4 80 445.181518555 18.7321777344 5 80 424.249572754 63.3357543945 6 83 380.218017578 47.0825805664 7 67 402.213500977 -9.05920410156
5.34305918499 -0.318637646358 2.86504139438
60 46 20
12 0 57 36.6948852539 -634.432617188 1 93 69.1110839844 -516.603149414 2 70 43.2299194336 -613.938720703 3 89 69.6903076172 -568.513061523 4 92 79.8704223633 -562.57434082 7 54 11.383972168 -613.717285156 8 53 3.50738525391 -591.205932617 9 49 -15.1348876953 -611.608764648 10 48 -4.86840820313 -603.466918945 11 41 10.9211425781 -597.057495117 12 31 10.5532836914 -602.090209961 13 46 3.62182617188 -622.515014648
5.0977941944 0.121752970353 3.02063411214
97 78 47
8 0 74 236.113891602 -774.776367188 1 104 243.948913574 -644.658203125 2 96 242.161499023 -751.795776367 4 109 259.377319336 -688.771606445 5 122 235.995239258 -618.09777832 6 147 197.660583496 -608.112915039 7 80 213.294677734 -750.263916016 8 75 208.778930664 -717.312866211
5.23252586543 -0.486775429989 3.00982632911
102 84 49
13 0 82 -44.9570007324 -717.561157227 1 148 -1.15014648438 -588.8203125 2 121 -34.0470581055 -697.652099609 3 124 -4.46722412109 -648.432983398 4 124 8.31616210938 -638.433837891 5 162 0.428283691406 -564.55090332 6 160 -26.3637084961 -555.375488281 7 93 -72.4041748047 -698.349487305 8 77 -81.0758666992 -674.70715332 9 80 -103.47265625 -700.570800781 10 72 -93.7047424316 -692.957885742 11 71 -82.1811523438 -686.880371094 12 53 -81.5809936523 -695.040161133
5.23252586543 -0.486775429989 3.00982632911
102 84 49
13 0 83 -44.9570007324 -717.561157227 1 149 -1.15014648438 -588.8203125 2 122 -34.0470581055 -697.652099609 3 125 -4.46722412109 -648.432983398 4 125 8.31616210938 -638.433837891 5 163 0.428283691406 -564.55090332 6 161 -26.3637084961 -555.375488281 7 94 -72.4041748047 -698.349487305 8 78 -81.0758666992 -674.70715332 9 81 -103.47265625 -700.570800781 10 71 -93.7047424316 -692.957885742 11 72 -82.1811523438 -686.880371094 12 54 -81.5809936523 -695.040161133
5.14081334529 -1.00449527607 2.99774783131
76 62 35
9 0 85 -288.378265381 -724.151367188 1 137 -211.888153076 -597.635620117 2 100 -272.115936279 -708.92980957 3 127 -231.163787842 -655.918457031 5 134 -202.712860107 -571.536621094 6 137 -220.206573486 -563.666137695 7 88 -320.586700439 -704.827148438 8 70 -333.690734863 -686.485473633 9 53 -365.857208252 -708.119018555
4.82526620072 -0.10038606782 3.16842881467
238 192 100
15 0 89 126.195922852 -917.731323242 1 186 145.774597168 -770.693603516 2 112 136.909118652 -896.401123047 4 142 160.658752441 -819.746337891 5 180 141.901794434 -737.67956543 7 126 100.862243652 -892.217285156 9 108 80.4641723633 -891.004272461 10 93 95.017578125 -888.853149414 11 90 107.586425781 -877.770996094 12 65 111.136230469 -877.473022461 13 81 100.416809082 -874.348632813 14 94 116.772521973 -830.083496094 15 90 144.795776367 -778.182250977 16 95 185.682373047 -685.521484375 17 151 182.402893066 -539.618774414
5.19774937063 -0.617258003043 3.00632854328
98 79 48
9 0 96 -106.630737305 -721.099975586 1 138 -54.5277099609 -594.187744141 2 118 -94.1838989258 -703.061645508 3 141 -61.9920959473 -650.145019531 5 141 -51.0604858398 -569.202758789 6 153 -75.4149169922 -560.434570313 10 60 -162.156219482 -697.082397461 11 66 -151.500427246 -688.325195313 12 49 -152.042114258 -695.017456055
5.18237303034 -0.614716008876 2.99545332341
98 79 48
12 0 97 -106.630737305 -721.099975586 1 139 -54.5277099609 -594.187744141 2 119 -94.1838989258 -703.061645508 3 142 -61.9920959473 -650.145019531 5 142 -51.0604858398 -569.202758789 6 154 -75.4149169922 -560.434570313 7 100 -135.413421631 -699.12878418 8 83 -145.584014893 -678.596923828 9 73 -169.752075195 -701.743652344 10 61 -162.156219482 -697.082397461 11 67 -151.500427246 -688.325195313 12 48 -152.042114258 -695.017456055
6.64457413597 0.362729732712 1.70428980419
192 156 91
3 8 1931 281.690856934 23.9547729492 13 1806 313.875305176 -82.0549316406 9 1839 275.526123047 3.05963134766
5.0252654691 -0.414632254187 2.04236399969
48 31 10
2 8 1279 -64.3710021973 -254.151733398 13 1404 -57.3522033691 -179.649414063
4.93202659035 -0.188209019059 3.08217372718
107 84 49
8 0 130 82.9150390625 -841.267089844 1 126 110.953796387 -705.074951172 2 104 93.7118530273 -821.699707031 3 134 117.170043945 -766.412597656 4 123 123.524597168 -752.28918457 5 136 108.213562012 -675.375976563 6 134 76.0487670898 -660.850097656 7 151 57.3565063477 -816.444335938
6.28417500585 0.409335745002 2.06064087344
202 165 90
5 0 571 348.747741699 -171.247924805 10 523 324.992431641 -148.490478516 8 547 308.834533691 -133.324462891 9 504 302.11328125 -152.922607422 11 503 348.742553711 -155.801879883
5.12452153781 -0.654407703934 1.94409723309
53 38 22
4 2 996 -130.262268066 -268.044799805 9 802 -199.301757813 -191.593139648 4 1080 -79.9297485352 -255.863769531 10 895 -187.404815674 -165.05090332
7.45745762635 -1.86800058822 2.95862876927
152 121 65
2 8 1231 -427.574615479 -330.0859375 13 1052 -451.115814209 -514.069702148
4.9215247147 -0.826588743784 2.31037777766
65 50 23
2 11 410 -283.459106445 -350.633911133 14 47 -274.887084961 -281.194213867
6.62426052918 0.737188830171 1.53789306269
54 45 26
16 0 161 471.920410156 51.2091064453 1 123 480.626098633 130.565917969 2 166 468.877624512 81.8157348633 3 162 487.058227539 106.061096191 4 140 487.16796875 91.9313354492 5 104 466.807067871 133.433654785 6 107 422.036804199 113.852478027 7 166 446.38684082 64.9553222656 8 171 425.264465332 85.1215820313 9 171 420.612060547 65.2696533203 10 190 445.64453125 69.46875 11 191 471.419433594 57.4821777344 12 194 475.400634766 21.6770019531 13 231 460.248535156 -19.231628418 14 224 469.401733398 -59.119140625 15 328 485.503417969 -79.6610107422
6.62423630617 0.737179718789 1.53788502594
54 45 26
13 0 162 471.920410156 51.2091064453 1 124 480.626098633 130.565917969 2 167 468.877624512 81.8157348633 3 163 487.058227539 106.061096191 4 141 487.16796875 91.9313354492 5 105 466.807067871 133.433654785 6 108 422.036804199 113.852478027 7 165 446.38684082 64.9553222656 8 172 425.264465332 85.1215820313 9 170 420.612060547 65.2696533203 10 189 445.64453125 69.46875 11 190 471.419433594 57.4821777344 12 193 475.400634766 21.6770019531
6.47793975773 -1.81317504389 1.76698963265
187 157 82
3 15 654 -489.996520996 -141.373168945 17 898 -444.373565674 -72.8686523438 16 691 -447.165649414 -136.574951172
5.17893224635 -0.325738390304 1.90789721917
37 24 8
14 0 195 27.2208251953 -244.440307617 1 246 54.9115600586 -205.332763672 2 186 29.5114135742 -245.653930664 3 217 56.3560791016 -221.639648438 4 232 66.1129760742 -234.680053711 5 242 53.9954223633 -196.776611328 6 280 25.7412109375 -207.650878906 7 171 0.820007324219 -207.793334961 8 196 -14.3420410156 -169.794067383 9 211 -28.4462280273 -169.47644043 10 206 -12.3165893555 -145.14440918 11 235 8.26898193359 -124.50402832 12 229 14.1403198242 -117.145019531 13 220 0.522888183594 -114.094604492
5.36227107017 -0.238074466655 2.89372658683
197 163 91
14 0 197 72.6459960938 -642.546020508 1 275 101.348449707 -524.288208008 2 203 79.9275512695 -622.804443359 3 253 104.157592773 -575.952270508 4 262 112.566650391 -569.459838867 5 285 99.4575195313 -502.350097656 6 301 67.9102783203 -496.107543945 7 200 47.3088378906 -621.29284668 8 214 39.1594848633 -597.772949219 9 182 22.0833740234 -619.837280273 10 158 36.1252441406 -615.625854492 11 167 51.3557128906 -608.112548828 12 96 54.5544433594 -620.609619141 13 203 43.1789550781 -631.145874023
5.13031777497 -0.0744319552475 3.04715647072
210 173 95
8 0 217 142.418457031 -771.037597656 1 294 162.271057129 -638.88659668 2 256 150.555236816 -749.878662109 4 280 175.651550293 -686.194946289 5 322 157.423828125 -612.663574219 7 204 118.114501953 -749.777587891 8 204 113.649658203 -724.592651367 9 166 98.1901245117 -750.091064453
6.5064759954 -1.68243187519 1.50059698409
242 209 148
12 0 223 -429.99987793 72.1133422852 1 232 -367.075653076 143.49798584 3 227 -391.746582031 115.517089844 4 379 -363.680633545 99.9762573242 5 262 -355.633453369 147.599182129 6 361 -369.979858398 128.131652832 7 225 -458.015411377 83.7181396484 11 107 -464.719696045 87.8944702148 12 78 -456.127380371 55.0530395508 13 79 -465.233886719 8.38153076172 14 49 -444.968658447 -23.0516357422 17 44 -389.094665527 16.6854248047
5.10671534603 -0.470056255728 3.08175035436
209 173 97
7 0 235 -44.2582702637 -782.14453125 1 322 0.204162597656 -647.708007813 2 247 -31.9891357422 -761.982421875 3 300 -2.9189453125 -707.342895508 4 294 9.82238769531 -695.974853516 5 357 1.66436767578 -620.734375 6 386 -25.045715332 -609.176269531
7.83319554809 0.555010755207 3.49901548727
157 119 52
2 0 25 344.504150391 -443.862304688 4 31 373.49432373 -333.416259766
5.14899709898 0.0569791526917 3.06446273658
215 179 105
11 0 245 205.000915527 -777.787597656 1 374 216.343688965 -644.349853516 2 303 211.679443359 -753.840209961 3 316 229.394836426 -702.562988281 4 290 231.453063965 -691.537353516 5 431 209.489807129 -616.313842773 6 445 172.379943848 -605.137817383 7 229 181.961608887 -755.513916016 8 219 178.178100586 -727.070556641 9 220 164.918212891 -753.750976563 10 175 183.353759766 -752.12890625
5.20290965762 -0.550094145186 2.99858550273
206 171 96
9 0 246 -75.8414306641 -718.988037109 1 334 -27.6456298828 -592.022216797 2 270 -63.9418029785 -699.863525391 3 318 -33.4439697266 -649.101928711 4 324 -19.168762207 -639.030883789 5 371 -25.1575317383 -567.346191406 6 431 -50.6940307617 -558.710449219 7 220 -103.755340576 -698.224975586 8 215 -113.030426025 -676.738769531
5.21378815668 -0.551575369091 3.00576998711
206 171 96
13 0 247 -75.8414306641 -718.988037109 1 335 -27.6456298828 -592.022216797 2 271 -63.9418029785 -699.863525391 3 319 -33.4439697266 -649.101928711 4 325 -19.168762207 -639.030883789 5 372 -25.1575317383 -567.346191406 6 432 -50.6940307617 -558.710449219 7 221 -103.755340576 -698.224975586 8 216 -113.030426025 -676.738769531 9 187 -136.268585205 -699.733520508 10 180 -127.671447754 -694.556518555 11 185 -116.374206543 -686.040405273 12 131 -116.050140381 -694.088134766
5.24513849719 -1.01750144261 2.90422726547
197 159 80
7 0 257 -283.893920898 -657.693603516 1 436 -209.603973389 -539.379638672 2 345 -269.390960693 -644.336181641 3 370 -228.670288086 -594.13269043 4 390 -205.767608643 -586.127807617 5 456 -200.657745361 -516.123413086 6 443 -218.347229004 -510.615600586
5.10899333312 -0.337321810683 3.06801802071
218 180 107
8 0 265 18.0438842773 -779.078735352 1 338 54.0386352539 -645.741699219 2 275 28.8101196289 -758.329711914 3 335 55.072265625 -705.70300293 4 369 64.9859008789 -693.651367188 5 378 53.508972168 -618.614990234 6 419 24.0850219727 -607.268310547 7 250 -8.53295898438 -757.830444336
5.10848917808 -0.33727393289 3.06765069486
218 180 107
7 0 266 18.0438842773 -779.078735352 1 339 54.0386352539 -645.741699219 2 274 28.8101196289 -758.329711914 3 334 55.072265625 -705.70300293 4 370 64.9859008789 -693.651367188 5 379 53.508972168 -618.614990234 6 420 24.0850219727 -607.268310547
5.25410808931 -0.155810169678 2.98083863925
211 170 87
8 0 272 107.05859375 -707.880371094 1 301 131.549865723 -582.633056641 2 306 114.739746094 -686.037231445 3 306 137.17755127 -637.746826172 4 297 143.890686035 -628.571533203 5 343 128.213684082 -557.85534668 6 414 95.3397216797 -549.712524414 8 226 75.7852783203 -660.633178711
5.24832509865 -0.155474186168 2.97682826677
211 170 87
12 0 273 107.05859375 -707.880371094 1 302 131.549865723 -582.633056641 2 307 114.739746094 -686.037231445 3 307 137.17755127 -637.746826172 4 298 143.890686035 -628.571533203 5 344 128.213684082 -557.85534668 6 415 95.3397216797 -549.712524414 7 232 82.2672119141 -685.996826172 8 227 75.7852783203 -660.633178711 9 180 59.3684692383 -684.855224609 10 179 74.2853393555 -681.6484375 11 171 89.036315918 -676.258056641
4.76200813062 -0.403935022417 2.23644090337
109 84 48
11 0 274 -32.6859130859 -482.256469727 1 274 3.14831542969 -427.335083008 2 254 -26.2404174805 -487.172241211 3 270 3.07861328125 -454.913818359 4 261 14.0185546875 -459.643676758 5 297 4.27575683594 -410.744384766 6 292 -22.035949707 -412.07824707 7 331 -59.3712158203 -438.252563477 8 402 -71.1061706543 -394.568359375 9 429 -90.154510498 -394.350341797 10 455 -78.7538452148 -366.590087891
5.23939137668 -0.287853349732 2.98825088994
208 173 97
13 0 287 45.973815918 -710.814819336 1 357 78.0669555664 -586.107055664 2 323 54.9108276367 -690.276611328 3 356 80.2110595703 -641.349121094 4 388 89.3796386719 -632.440917969 5 390 76.7492675781 -561.139770508 6 463 46.4266967773 -552.158325195 7 256 20.2216186523 -689.692871094 8 256 12.7983398438 -666.080200195 9 222 -5.69970703125 -690.444458008 10 229 7.03509521484 -686.036865234 11 201 20.6520996094 -679.365112305 12 143 23.534362793 -687.47644043
5.23939137668 -0.287853349732 2.98825088994
208 173 97
13 0 288 45.973815918 -710.814819336 1 356 78.0669555664 -586.107055664 2 322 54.9108276367 -690.276611328 3 357 80.2110595703 -641.349121094 4 389 89.3796386719 -632.440917969 5 391 76.7492675781 -561.139770508 6 464 46.4266967773 -552.158325195 7 255 20.2216186523 -689.692871094 8 257 12.7983398438 -666.080200195 9 223 -5.69970703125 -690.444458008 10 230 7.03509521484 -686.036865234 11 202 20.6520996094 -679.365112305 12 144 23.534362793 -687.47644043
5.65768786161 0.642736934678 2.62588485857
207 170 96
11 0 289 464.031799316 -490.124023438 1 336 452.883972168 -387.26550293 2 351 463.279907227 -464.282714844 3 345 474.324768066 -427.680175781 4 347 468.976501465 -428.110473633 5 381 437.009399414 -368.441772461 6 421 390.823791504 -369.773193359 7 281 442.535461426 -466.791259766 8 348 434.885986328 -436.974243164 9 285 430.893554688 -459.127685547 10 290 457.960693359 -456.083984375
6.38447862953 -1.55113630851 1.85430998025
72 58 29
11 0 291 -390.25970459 -65.6440429688 1 283 -325.562591553 13.3851318359 2 290 -390.410369873 -49.3959960938 3 323 -349.043273926 -19.3024902344 4 292 -322.200378418 -29.0758056641 5 302 -314.741760254 21.0526733398 6 295 -330.318908691 7.49475097656 7 299 -418.925079346 -53.2709960938 8 314 -441.665466309 -47.6181640625 11 344 -430.112915039 -52.7406005859 12 351 -424.77243042 -83.9763183594
6.38450864556 -1.55114647708 1.85431963704
72 58 29
12 0 292 -390.25970459 -65.6440429688 1 284 -325.562591553 13.3851318359 2 291 -390.410369873 -49.3959960938 3 324 -349.043273926 -19.3024902344 4 293 -322.200378418 -29.0758056641 5 303 -314.741760254 21.0526733398 6 296 -330.318908691 7.49475097656 7 300 -418.925079346 -53.2709960938 8 315 -441.665466309 -47.6181640625 9 307 -462.272674561 -60.9430541992 10 340 -451.702148438 -52.4067382813 11 345 -430.112915039 -52.7406005859
6.43563302226 -1.61353981343 1.74814447455
72 57 29
10 0 311 -408.544555664 -21.2491455078 1 285 -345.726501465 52.6981201172 2 297 -410.366271973 -5.13555908203 3 295 -369.29309082 22.9647827148 5 324 -334.127929688 60.377746582 6 284 -349.430419922 45.7393798828 7 313 -436.791107178 -9.55920410156 8 322 -460.122253418 -4.84771728516 9 326 -479.745513916 -18.1970214844 10 329 -470.495910645 -13.2766723633
5.36435365503 -0.105021737629 2.87949651837
202 163 87
8 0 313 132.457824707 -639.282226563 1 443 154.218566895 -521.956054688 2 374 138.838378906 -618.528320313 3 437 160.486877441 -572.791381836 4 437 166.369140625 -566.868041992 5 523 150.335021973 -499.643310547 6 526 116.310913086 -493.978149414 7 288 107.982177734 -618.209716797
5.3162930017 -1.35583970335 2.82584930383
214 175 100
6 0 314 -425.534362793 -602.32434082 1 478 -335.216247559 -490.564697266 2 331 -410.05871582 -590.956542969 3 445 -363.072540283 -543.109619141 7 277 -459.69052124 -583.754638672 8 264 -477.44317627 -571.083862305
6.57153719497 0.477519641297 1.75308252454
67 54 27
12 0 319 370.954711914 -30.9562988281 1 257 382.914428711 54.6493530273 2 298 368.416625977 -0.125 3 283 388.121887207 26.6134033203 4 245 390.888977051 13.3819580078 5 284 372.636901855 60.0063476563 6 273 330.898742676 44.7913208008 9 333 319.952819824 -16.5336303711 10 365 343.09173584 -13.7705688477 11 332 367.888549805 -24.8835449219 12 366 372.259216309 -59.9071044922 13 393 361.060058594 -104.374145508
6.71086332164 0.527320142678 1.65796319358
80 62 35
12 0 322 387.75970459 13.3452148438 1 320 398.964660645 101.379882813 3 376 403.184143066 72.5673828125 4 307 406.049926758 59.5673828125 5 350 388.64239502 105.260314941 6 339 346.623596191 88.228515625 7 368 362.757080078 24.7987060547 9 414 335.664245605 23.8573608398 10 421 358.984680176 26.2343139648 11 389 384.920288086 12.3538818359 12 384 389.84765625 -24.9465332031 13 399 376.519165039 -68.1800537109
6.71086332164 0.527320142678 1.65796319358
80 62 35
12 0 323 387.75970459 13.3452148438 1 321 398.964660645 101.379882813 3 375 403.184143066 72.5673828125 4 308 406.049926758 59.5673828125 5 351 388.64239502 105.260314941 6 340 346.623596191 88.228515625 7 369 362.757080078 24.7987060547 9 413 335.664245605 23.8573608398 10 420 358.984680176 26.2343139648 11 388 384.920288086 12.3538818359 12 383 389.84765625 -24.9465332031 13 398 376.519165039 -68.1800537109
6.43418414776 0.556667993967 1.82880523647
100 85 49
7 0 324 404.046142578 -70.5377197266 1 261 413.667114258 11.1292724609 2 327 401.779052734 -41.475402832 3 308 420.63659668 -15.3256225586 4 250 422.395507813 -28.4735107422 6 294 358.849304199 3.68048095703 7 350 379.153076172 -56.2044677734
6.49298984024 0.562213114815 1.84775003643
100 85 49
9 0 325 404.046142578 -70.5377197266 1 262 413.667114258 11.1292724609 2 328 401.779052734 -41.475402832 3 309 420.63659668 -15.3256225586 4 251 422.395507813 -28.4735107422 6 293 358.849304199 3.68048095703 7 349 379.153076172 -56.2044677734 9 342 356.018127441 -57.6763305664 10 404 380.523986816 -55.1577148438
5.55086869164 -1.38837457621 2.63229232241
216 177 92
6 0 341 -411.882507324 -474.945922852 1 455 -327.663574219 -374.651733398 2 362 -400.114196777 -463.376098633 3 449 -354.469909668 -420.895019531 4 490 -326.44354248 -419.059448242 5 539 -315.237670898 -356.549560547
5.55086869164 -1.38837457621 2.63229232241
216 177 92
6 0 342 -411.882507324 -474.945922852 1 456 -327.663574219 -374.651733398 2 361 -400.114196777 -463.376098633 3 450 -354.469909668 -420.895019531 4 491 -326.44354248 -419.059448242 5 540 -315.237670898 -356.549560547
6.553241053 -1.56926669774 1.66146458101
85 69 37
15 0 365 -381.162506104 19.1560058594 1 401 -322.343383789 93.7907714844 2 373 -385.304748535 34.92578125 3 408 -344.639282227 64.2911376953 4 411 -318.737884521 52.0879516602 5 427 -312.096282959 100.18347168 6 380 -327.747589111 85.0748901367 7 385 -409.60748291 28.9396972656 8 395 -432.847747803 33.3414306641 9 376 -449.940063477 22.1260986328 10 413 -438.28036499 27.3403930664 11 399 -414.072387695 25.6116333008 12 402 -406.136901855 -8.71203613281 13 434 -416.619049072 -55.7787475586 14 454 -398.395233154 -89.0290527344
6.56692525953 -1.49374205576 1.54707878927
92 73 41
12 0 400 -354.860046387 58.7115478516 1 549 -298.602600098 132.613647461 2 460 -358.887756348 77.8338623047 3 482 -319.791137695 104.256591797 4 553 -294.952087402 90.7264404297 5 641 -289.412750244 137.616455078 6 670 -306.222473145 119.684020996 7 298 -381.997497559 69.4758300781 8 249 -405.077850342 75.0669555664 9 217 -421.865142822 62.0494995117 10 194 -409.64151001 69.25 11 151 -384.248718262 66.1312255859
5.19676562034 -0.546654963432 3.03767036671
86 51 17
2 12 2671 -115.511932373 -714.025634766 13 2775 -130.968048096 -725.406494141
6.54056688383 -1.74348405054 1.56600703746
74 56 29
6 0 471 -447.619537354 51.6397705078 1 733 -383.425415039 125.404296875 2 548 -450.649780273 68.8636474609 4 808 -378.491729736 83.4598388672 5 829 -371.771240234 130.443237305 6 850 -386.395690918 113.092224121
6.66521255708 0.675501493834 1.53759047436
222 189 113
17 0 485 446.476135254 53.8087158203 1 459 456.191162109 135.216369629 2 477 442.99041748 86.1060791016 3 488 462.205322266 109.739013672 4 513 462.771057129 94.9888305664 5 483 443.291137695 138.253417969 6 483 399.16394043 118.293334961 7 479 420.811767578 67.7371826172 8 473 399.641967773 87.3946533203 9 460 394.670715332 67.2294921875 10 459 419.23614502 71.3415527344 11 448 444.92565918 59.3980712891 12 434 449.1015625 22.2974243164 13 449 434.013977051 -20.0470581055 14 434 443.472900391 -61.7182006836 15 395 462.327331543 -82.4600830078 17 437 502.46862793 -3.77264404297
6.65547090262 0.674347417375 1.53583167058
222 189 113
11 0 486 446.476135254 53.8087158203 1 460 456.191162109 135.216369629 2 478 442.99041748 86.1060791016 3 489 462.205322266 109.739013672 4 514 462.771057129 94.9888305664 5 484 443.291137695 138.253417969 6 484 399.16394043 118.293334961 7 478 420.811767578 67.7371826172 8 472 399.641967773 87.3946533203 9 459 394.670715332 67.2294921875 10 458 419.23614502 71.3415527344
4.88973760076 0.263045011314 3.11701857333
118 78 45
5 0 514 310.023681641 -886.036865234 1 685 303.828491211 -744.580688477 4 633 323.072692871 -792.065917969 8 445 289.448913574 -825.023925781 13 293 325.736999512 -841.65612793
4.99810161661 -0.777440969197 2.05598604871
72 56 31
12 0 531 -205.419219971 -337.995849609 1 569 -149.339691162 -293.696289063 2 538 -199.032409668 -343.140869141 3 558 -161.277496338 -315.405029297 4 540 -141.588470459 -324.167602539 6 652 -161.04309082 -289.360229492 7 530 -234.295623779 -300.378051758 8 533 -250.669250488 -263.916137695 9 472 -273.124847412 -261.966918945 10 500 -264.734680176 -233.894042969 13 630 -256.531524658 -182.796020508 12 543 -241.173156738 -191.896118164
5.83229423494 0.728404383164 2.40820150499
178 149 82
7 0 536 495.723022461 -373.513305664 1 732 485.821655273 -281.056152344 3 583 505.236083984 -312.362792969 4 699 500.588134766 -319.392211914 5 848 468.86920166 -266.472900391 6 882 421.775146484 -272.478515625 7 534 473.717468262 -351.678588867
6.38345430146 -1.48489347165 1.85227455737
205 172 95
12 0 548 -366.117248535 -65.8625488281 1 588 -303.128173828 13.4359741211 2 550 -366.251159668 -49.0472412109 3 607 -325.612579346 -18.0106201172 4 614 -300.193359375 -28.774597168 5 617 -293.242401123 21.1276245117 6 643 -309.58782959 7.14050292969 7 517 -394.510681152 -53.8179321289 8 490 -416.866394043 -46.6890258789 9 451 -436.775604248 -59.9530029297 10 466 -426.111785889 -51.9338989258 11 444 -403.895385742 -51.5234985352
6.68114929202 0.637288613846 1.6369206676
107 88 46
10 0 573 428.887084961 19.7716674805 1 654 438.940307617 103.542602539 2 595 425.670837402 51.7595214844 3 613 445.055358887 76.9095458984 4 618 445.938354492 63.8477783203 5 798 426.557739258 107.377380371 6 831 383.08404541 89.8812255859 7 552 404.288757324 31.2935180664 12 355 435.655029297 -17.2429199219 14 271 433.744384766 -96.5966796875
4.80270003965 -0.169037088907 2.21090842776
54 39 20
5 0 595 92.0888671875 -465.132202148 1 612 112.722961426 -412.465209961 2 569 97.643371582 -468.015014648 5 736 110.618408203 -396.704956055 6 733 78.8051757813 -398.981201172
6.56155864665 -1.76402661431 1.66755611498
195 163 94
15 0 598 -450.957885742 17.3402099609 1 659 -385.335327148 94.5030517578 2 624 -453.709777832 34.3840332031 3 678 -410.768493652 63.4426879883 4 675 -382.386108398 51.6006469727 5 730 -373.062896729 100.635864258 6 708 -387.415161133 84.7846069336 7 569 -479.411468506 27.8067626953 11 515 -487.154693604 25.6442871094 12 500 -478.272399902 -7.60467529297 13 508 -488.453704834 -54.927734375 14 500 -468.416290283 -86.947265625 15 504 -456.135009766 -113.92590332 16 516 -413.372375488 -112.814453125 17 548 -411.029724121 -51.1742553711
5.38947488877 -0.847597875655 2.81733635938
184 148 81
2 0 605 -195.525543213 -591.990722656 1 822 -134.639526367 -479.862548828
5.37425392566 -0.843781520427 2.80931810395
184 148 81
11 0 606 -195.525543213 -591.990722656 1 823 -134.639526367 -479.862548828 3 729 -147.965240479 -531.120605469 4 781 -128.769500732 -525.286132813 5 869 -128.269042969 -459.483154297 6 922 -149.478271484 -455.083129883 7 414 -224.632446289 -573.590820313 8 498 -238.062805176 -554.185546875 9 466 -263.253967285 -572.411376953 10 440 -256.820129395 -565.290649414 11 451 -244.649291992 -553.507324219
6.3719159516 -1.61204910589 1.85928130937
210 174 95
13 0 621 -413.959716797 -68.2189941406 1 636 -347.319396973 10.2794799805 2 636 -414.03616333 -52.0104370117 3 694 -371.860809326 -22.0272827148 4 676 -344.5 -31.7286376953 5 701 -335.932373047 18.0919189453 6 696 -350.938415527 4.25659179688 7 603 -442.822875977 -56.494140625 8 572 -465.277709961 -49.8668212891 9 530 -486.408050537 -62.1956787109 10 554 -476.334625244 -54.1109008789 11 536 -453.708740234 -52.5762329102 12 529 -446.882293701 -82.0134277344
4.86834491562 -0.10359947397 3.12585260486
117 79 32
18 0 625 124.285766602 -883.888427734 1 818 144.148986816 -742.072998047 2 649 133.989013672 -863.268798828 3 759 154.641479492 -806.046875 4 803 159.002563477 -790.429199219 5 896 139.877380371 -710.579223633 6 913 106.008178711 -694.556030273 7 597 99.2695922852 -858.270874023 8 556 96.8450317383 -828.772583008 9 490 79.631652832 -855.612792969 10 498 94.2689208984 -852.654296875 11 468 107.504943848 -841.442382813 12 428 111.686218262 -841.374267578 13 421 100.840454102 -838.457763672 14 384 118.308288574 -796.577026367 15 323 146.35723877 -747.219116211 16 319 188.824890137 -657.088012695 17 396 185.664916992 -514.124267578
6.45476670435 -1.55484058587 1.75862873452
201 164 87
12 0 638 -385.632629395 -25.6160888672 1 689 -322.993896484 52.1857910156 2 622 -386.79876709 -7.458984375 3 686 -345.90625 21.5117797852 4 707 -319.86315918 10.2680664063 5 753 -312.572601318 59.6286621094 6 795 -328.495422363 44.5220336914 7 618 -413.238769531 -13.4934082031 8 558 -436.590606689 -7.93518066406 9 515 -455.854553223 -21.0282592773 10 543 -444.636444092 -13.7329711914 11 537 -421.272583008 -14.649230957
6.54455361027 -1.62973531573 1.65188100904
197 164 92
7 0 641 -404.709960938 20.3991088867 1 701 -342.719787598 97.5465087891 2 641 -407.465637207 38.3764648438 3 706 -366.291870117 66.5759277344 4 731 -339.61895752 54.6953735352 5 807 -331.858734131 103.386535645 6 797 -347.24508667 87.4454345703
6.57797310291 -1.64096311148 1.65957965615
197 164 92
18 0 642 -404.709960938 20.3991088867 1 700 -342.719787598 97.5465087891 2 642 -407.465637207 38.3764648438 3 707 -366.291870117 66.5759277344 4 730 -339.61895752 54.6953735352 5 806 -331.858734131 103.386535645 6 796 -347.24508667 87.4454345703 7 609 -432.742645264 30.9391479492 8 568 -456.108001709 35.8163452148 9 535 -474.716186523 22.8499755859 10 545 -462.971466064 29.9185180664 11 538 -438.621795654 28.8602294922 12 511 -430.213134766 -4.99945068359 13 504 -440.516967773 -52.3377685547 14 524 -421.66809082 -84.716796875 15 555 -409.329315186 -111.962890625 16 659 -368.657562256 -111.189453125 17 941 -367.557556152 -48.306640625
4.67655427228 -0.237234933232 2.23266981943
102 70 34
8 0 647 52.4670410156 -504.575927734 1 754 76.3865966797 -452.438476563 2 651 58.1212158203 -510.229125977 3 730 83.4802856445 -478.471679688 4 735 89.8032836914 -483.660644531 5 847 74.9418945313 -435.314575195 6 865 44.6310424805 -435.74987793 7 625 25.5336303711 -458.241943359
4.92481415265 -0.549144066458 2.18828164247
41 31 17
12 0 675 -96.5259094238 -419.573608398 1 788 -52.8571472168 -365.690917969 2 692 -90.5954284668 -422.630493164 3 788 -58.7676391602 -390.823608398 4 813 -42.8647460938 -397.873291016 5 875 -48.3700866699 -351.555175781 6 900 -72.5201416016 -355.888183594 7 692 -125.539001465 -380.6640625 8 629 -138.889099121 -341.489501953 9 582 -159.297576904 -342.552978516 10 596 -148.741607666 -317.267578125 11 569 -131.113037109 -288.016601563
4.80131059651 -1.03139923939 3.12208846271
205 140 63
14 0 677 -340.38293457 -877.085083008 1 857 -252.648162842 -734.681762695 2 682 -319.774902344 -863.522460938 3 774 -274.645111084 -801.081420898 4 818 -249.224334717 -784.30859375 5 891 -240.879486084 -702.460449219 6 893 -255.913360596 -688.94152832 8 675 -387.653747559 -836.969604492 7 745 -375.099365234 -856.131225586 9 642 -425.04888916 -860.493896484 10 643 -429.039855957 -853.2890625 11 608 -425.352111816 -831.322875977 12 423 -433.72064209 -824.241577148 13 385 -459.844329834 -823.169311523
6.70410834642 0.59076253855 1.65808672594
199 166 92
18 0 679 410.709228516 13.8775634766 1 742 422.307922363 98.9557495117 2 696 407.758361816 45.9159545898 3 770 427.346496582 71.84375 4 768 429.003601074 59.2568359375 5 841 410.869812012 103.019714355 6 848 368.072998047 85.8280029297 7 652 385.73651123 25.5731811523 8 619 365.51940918 43.671875 9 586 359.963989258 22.5455932617 10 589 383.791442871 25.4840087891 11 550 409.093261719 12.5161132813 12 540 413.881408691 -24.3572998047 13 530 400.417358398 -66.9538574219 14 523 410.379577637 -107.888671875 15 466 429.737670898 -130.166625977 16 484 470.020874023 -129.771606445 17 540 469.767822266 -52.2517700195
5.09731882575 -0.517254615309 1.9774735141
40 26 9
15 0 681 -70.1706237793 -287.841552734 1 768 -30.502532959 -245.488647461 2 680 -66.8524780273 -289.618774414 3 735 -35.2140808105 -265.009399414 4 795 -21.4733276367 -276.835449219 5 871 -28.4896240234 -236.162719727 6 886 -52.883972168 -245.874023438 7 639 -97.3653869629 -250.059692383 8 600 -112.271484375 -212.783935547 9 557 -130.593566895 -212.478637695 10 560 -118.290527344 -186.559570313 11 553 -98.6667175293 -161.834838867 12 563 -92.0502624512 -151.948730469 13 599 -107.894195557 -145.568725586 14 638 -84.9528808594 -117.440673828
5.8277828797 0.570027134593 2.43786559558
79 62 30
2 0 1141 426.27142334 -382.125488281 6 1419 364.173400879 -277.664672852
4.90257049 -0.0888639953031 2.11444837598
34 23 9
6 0 717 137.952270508 -397.891113281 1 895 152.526550293 -351.061401367 2 773 140.297851563 -399.3984375 4 882 165.911193848 -381.897827148 5 968 147.490478516 -337.782104492 6 1013 113.090881348 -343.458984375
5.29434442438 -0.483723364854 2.89031955253
44 34 15
10 0 718 -40.5963134766 -650.889404297 1 945 0.845397949219 -534.159912109 2 809 -31.4105834961 -633.634521484 3 950 -2.61767578125 -586.871337891 4 1008 10.2406005859 -580.077026367 6 1020 -25.0310668945 -505.243164063 7 731 -67.2586364746 -629.767700195 9 553 -97.0126953125 -627.821289063 11 548 -73.0450134277 -613.514404297 12 561 -71.6121826172 -623.301269531
4.88470630585 -0.243122331457 2.14795209569
58 41 24
11 0 719 57.1827392578 -414.364013672 1 859 81.7489013672 -365.361816406 2 808 62.2574462891 -417.436157227 4 1003 96.2305908203 -396.891845703 5 1056 81.7362670898 -351.507568359 9 664 3.47503662109 -328.302001953 10 641 18.3088378906 -301.49230957 11 577 36.201171875 -273.353515625 12 549 40.5467529297 -256.23840332 13 549 25.2239990234 -237.479125977 14 507 44.8280639648 -194.710205078
6.58026550292 -1.38140493049 1.65488403041
196 162 91
11 0 734 -312.172607422 20.0628051758 1 860 -257.12979126 98.8250732422 2 742 -314.709960938 40.4305419922 3 845 -276.853088379 67.5791015625 4 855 -253.344665527 55.6998901367 5 893 -248.804168701 104.498168945 6 759 -267.508850098 88.3103637695 7 739 -339.231933594 30.4976806641 8 709 -361.875732422 36.4808959961 9 616 -378.324432373 22.9293823242 10 598 -365.534301758 29.3446655273
5.12554956604 -0.587403089046 1.93877234776
52 35 17
13 0 741 -101.485992432 -264.135620117 1 834 -59.2982177734 -223.975097656 2 720 -99.2122497559 -265.786132813 3 804 -66.3100891113 -241.449707031 4 843 -51.1254272461 -254.101806641 6 891 -78.7004699707 -225.405761719 7 718 -130.254333496 -226.144775391 8 712 -145.767333984 -190.250488281 9 711 -163.438568115 -189.595825195 10 683 -151.922607422 -162.981445313 12 687 -126.357910156 -130.38659668 13 786 -140.70489502 -125.805297852 14 873 -118.824890137 -99.6533203125
5.60708305898 0.651627197704 2.68783513962
88 69 40
10 0 758 470.024597168 -525.438598633 1 887 457.20098877 -419.506591797 2 765 469.582580566 -500.359130859 4 890 473.811096191 -459.329833984 5 920 440.553527832 -399.334472656 6 1028 394.070373535 -397.677978516 7 801 448.450561523 -499.138427734 8 671 442.492980957 -472.705688477 9 663 438.481445313 -494.672241211 10 655 465.159912109 -491.366577148
4.69272011108 -0.372843183248 2.24326050012
59 42 20
7 0 772 -19.6450195313 -502.935424805 1 610 13.0614013672 -449.451416016 2 679 -13.0270385742 -508.670288086 3 755 15.1725463867 -476.124511719 4 727 25.6878051758 -480.605957031 5 673 13.7485961914 -432.370727539 6 638 -12.5841674805 -433.022949219
5.33360847934 -0.357591157181 2.91741150889
190 159 90
15 0 777 17.7658691406 -656.529785156 1 1022 54.0503540039 -536.660644531 2 830 26.9799194336 -636.736328125 3 908 53.5313110352 -589.53918457 4 930 64.055847168 -582.592285156 5 979 53.5507202148 -514.749145508 6 1063 24.2925415039 -507.841674805 7 742 -8.32708740234 -635.517944336 8 653 -17.2142944336 -612.887329102 9 594 -36.4133911133 -634.897460938 10 577 -24.2786865234 -630.061035156 11 519 -11.2989501953 -622.53112793 13 463 -21.0039672852 -646.731323242 17 637 54.5923461914 -434.273681641 16 546 53.6135253906 -550.254272461
6.40295051526 -1.83717416574 1.74425467037
135 111 63
4 0 778 -495.098937988 -22.4410400391 1 929 -423.002746582 53.1221313477 2 797 -495.817779541 -6.81066894531 3 866 -450.482940674 22.0069580078
6.23363799099 -1.40304227632 2.01081850906
85 71 41
2 0 780 -348.756530762 -139.053222656 1 879 -284.775756836 -57.9214477539
4.83406553591 -0.120115476843 3.1380692625
247 206 113
8 0 793 116.00982666 -901.129882813 1 912 136.036193848 -756.66418457 2 941 125.070495605 -878.344848633 4 945 151.390197754 -805.201293945 6 1012 99.3369140625 -708.088500977 8 667 87.239440918 -846.342041016 7 763 91.2963867188 -876.168823242 9 1065 68.8983154297 -869.234375
4.81582234789 -0.299722025573 2.2093649157
49 34 12
