# Camera parameter file. 

# The format of each camera is as follows:
# Filename (of the undistorted image in visualize folder)
# Original filename
# Focal Length (of the undistorted image)
# 2-vec Principal Point (image center)
# 3-vec Translation T (as in P = K[R T])
# 3-vec Camera Position C (as in P = K[R -RC])
# 3-vec Axis Angle format of R
# 4-vec Quaternion format of R
# 3x3 Matrix format of R
# [Normalized radial distortion] = [radial distortion] * [focal length]^2
# 3-vec Lat/Lng/Alt from EXIF

# The nubmer of cameras in this reconstruction
18

00000000.jpg
D:\OneDrive - bit.edu.cn\Phenotype\single_pot_1fps\output_image_vsfm\image12.jpg
2022.15795898
540 960
-0.117702456836 -0.282025697573 -1.30482740111
1.22316956337 0 0.54756107274
-1.09090295322 -0.990524277914 -1.22361710278
0.57543578034 -0.465818867903 -0.422956869269 -0.522488212067
0.0962271099791 0.995359404087 7.02640029104e-007
-0.207274244029 0.0200377011134 0.978077644309
0.973538767111 -0.0941177306861 0.208240538088
-0.0756729810502
0 0 0

00000001.jpg
D:\OneDrive - bit.edu.cn\Phenotype\single_pot_1fps\output_image_vsfm\image16.jpg
2053.02001953
540 960
-0.214403581137 0.558514607967 -0.785138040096
0.952960651167 0.105500875818 -0.234701443225
-0.990691536381 -0.850311967533 -1.27108488356
0.612904666106 -0.429608102296 -0.368733250782 -0.551199182216
0.120430502585 0.992486685711 0.0216026094131
-0.358843517224 0.0232326799322 0.933108553561
0.925595929223 -0.120126688415 0.358945336419
-0.121394694137
0 0 0

00000002.jpg
D:\OneDrive - bit.edu.cn\Phenotype\single_pot_1fps\output_image_vsfm\image13.jpg
2027.44042969
540 960
-0.119359267476 0.0217247097153 -1.29126399768
1.25740515003 -0.000633819113266 0.317825732756
-1.058882845 -0.94508386564 -1.25841562472
0.582964958109 -0.45356305496 -0.404818273632 -0.53903114764
0.0911351744146 0.995693766591 0.0169794922254
-0.261251315022 0.00745195409812 0.965242051912
0.960958963944 -0.0924034174256 0.260805441017
-0.0817155785682
0 0 0

00000003.jpg
D:\OneDrive - bit.edu.cn\Phenotype\single_pot_1fps\output_image_vsfm\image14.jpg
2031.77966309
540 960
-0.132939405261 0.204797087653 -1.11045365462
1.12860074916 0.0119778555905 0.137254987559
-1.03504708881 -0.908002349644 -1.26119010927
0.594949083047 -0.445553920182 -0.390865315012 -0.54290109441
0.104965414417 0.994300163343 0.0186935002484
-0.297693869876 0.0134802117969 0.954566207095
0.948873343294 -0.105761377947 0.297412019462
-0.0936511900008
0 0 0

00000004.jpg
D:\OneDrive - bit.edu.cn\Phenotype\single_pot_1fps\output_image_vsfm\image15.jpg
2042.28942871
540 960
-0.166783093677 0.357237563354 -0.884169841572
0.964695061445 0.0570708730034 -0.0574276904574
-1.02677267985 -0.886784316351 -1.26027988876
0.601138169589 -0.443117724619 -0.382703841076 -0.543890938716
0.115440833616 0.993072917233 0.0218996573706
-0.31474149619 0.0156586578227 0.949048258526
0.942131203448 -0.116451653033 0.314368904308
-0.0993282429009
0 0 0

00000005.jpg
D:\OneDrive - bit.edu.cn\Phenotype\single_pot_1fps\output_image_vsfm\image17.jpg
2030.03894043
540 960
-0.204338519056 0.640571228761 -0.663970045999
0.874344856178 0.107427958013 -0.341938967919
-0.977311956723 -0.840387964873 -1.27587555225
0.616257718384 -0.424384943988 -0.364927490089 -0.554032283197
0.119752312304 0.992592806392 0.0204671541088
-0.373113876626 0.025891296982 0.927424215669
0.920024683781 -0.118697773526 0.373450692586
-0.117188824788
0 0 0

00000006.jpg
D:\OneDrive - bit.edu.cn\Phenotype\single_pot_1fps\output_image_vsfm\image18.jpg
2054.01513672
540 960
-0.19557615384 0.75026906495 -0.350181500018
0.629341095604 0.137077467139 -0.555806025617
-0.961325643878 -0.843663242345 -1.28656408758
0.616050075657 -0.417407847774 -0.366318802037 -0.558626465694
0.1074940142 0.994092438425 0.0150086900903
-0.382475067395 0.0274143208858 0.923559027801
0.917691592929 -0.105017517002 0.383162447782
-0.135442633333
0 0 0

00000007.jpg
D:\OneDrive - bit.edu.cn\Phenotype\single_pot_1fps\output_image_vsfm\image11.jpg
2026.30541992
540 960
-0.119150678563 -0.557883995248 -1.30104541464
1.19088036685 0.0172543215645 0.774375133611
-1.11412547432 -1.02322045129 -1.21681065308
0.564737927685 -0.473613361712 -0.434969748811 -0.517264704249
0.0864770867162 0.996252964238 -0.00132087815008
-0.17222302433 0.0162552186933 0.984923853786
0.981254780046 -0.0849458598829 0.172983402456
-0.0806302972425
0 0 0

00000008.jpg
D:\OneDrive - bit.edu.cn\Phenotype\single_pot_1fps\output_image_vsfm\image10.jpg
2026.94775391
540 960
-0.0977906141858 -0.827279810903 -1.29870040866
1.17481654624 0.00141776314692 1.00019083871
-1.14490096628 -1.0506949639 -1.22394379491
0.549492608979 -0.483581862473 -0.443791247014 -0.516967875247
0.0715870900717 0.997358848617 0.0122725555739
-0.138921257495 -0.00221440350159 0.990300954576
0.98771259623 -0.0725976824863 0.138395822721
-0.0840184866544
0 0 0

00000009.jpg
D:\OneDrive - bit.edu.cn\Phenotype\single_pot_1fps\output_image_vsfm\image9.jpg
2022.37072754
540 960
-0.0877610866078 -1.04861522915 -1.36255420237
1.25472231487 0 1.17877978185
-1.16629939164 -1.08706594919 -1.2031721311
0.541397543309 -0.490932117169 -0.457580267778 -0.506453013587
0.0682512871376 0.997666533985 0.00180243472978
-0.0991031354455 0.00498200272205 0.995064695482
0.992733766097 -0.068093073185 0.0992119097452
-0.0808127669604
0 0 0

00000010.jpg
D:\OneDrive - bit.edu.cn\Phenotype\single_pot_1fps\output_image_vsfm\image8.jpg
2021.29528809
540 960
-0.101434334666 -1.26969935707 -1.41090187387
1.32496779769 0.0016972766573 1.362911198
-1.19076821024 -1.10440154779 -1.17858918821
0.537495133867 -0.500400110624 -0.464105987997 -0.495282083525
0.078602579288 0.996900795044 -0.00323100152193
-0.067946044102 0.00859077405205 0.997652010318
0.994587839067 -0.078198487471 0.0684107223839
-0.0851797449795
0 0 0

00000011.jpg
D:\OneDrive - bit.edu.cn\Phenotype\single_pot_1fps\output_image_vsfm\image7.jpg
2028.37561035
540 960
-0.0991865548239 -1.54228874964 -1.33969947627
1.30647096904 0.00711626125566 1.57364869412
-1.21968135248 -1.13299895468 -1.14061735226
0.532708002482 -0.511504513452 -0.475152036946 -0.478347006467
0.0908293663807 0.995723379564 -0.0168812793449
-0.02355373367 0.0190945482443 0.999540204223
0.995587890562 -0.0903899862639 0.0251873490096
-0.0975735008953
0 0 0

00000012.jpg
D:\OneDrive - bit.edu.cn\Phenotype\single_pot_1fps\output_image_vsfm\image6.jpg
2025.55480957
540 960
-0.0837214345203 -1.92130914506 -1.20220501548
1.29513208505 0.00755858437471 1.86180309346
-1.27028139122 -1.18398577337 -1.10221823773
0.516200698005 -0.528961641094 -0.493027026955 -0.458977964964
0.0925271567398 0.99543426233 -0.0234383157523
0.0477352787978 0.0190776198575 0.998677819709
0.994565266045 -0.0935236536938 -0.0457521341144
-0.0987552440205
0 0 0

00000013.jpg
D:\OneDrive - bit.edu.cn\Phenotype\single_pot_1fps\output_image_vsfm\image5.jpg
2019.6451416
540 960
-0.102823607384 -2.34761726428 -1.00645111441
1.31024500612 0.0302219577322 2.19480477872
-1.33515017602 -1.24223753773 -1.06590031616
0.492215450878 -0.550205035656 -0.511916457799 -0.439249255993
0.0900032626889 0.995728567005 -0.0205920750636
0.13090748466 0.00866901969658 0.991356685839
0.987300685286 -0.0919209929644 -0.129568082054
-0.103375322623
0 0 0

00000014.jpg
D:\OneDrive - bit.edu.cn\Phenotype\single_pot_1fps\output_image_vsfm\image4.jpg
2019.8885498
540 960
-0.0213059635311 -2.83783580998 -0.682767608892
1.30119038574 -0.00501689930795 2.61281764519
-1.39592097223 -1.31415793121 -1.00999450352
0.468258374168 -0.569196799772 -0.535857332701 -0.41183251103
0.0865018036992 0.995704601904 -0.0330118721535
0.224328513727 0.0128179719767 0.974429277846
0.970666861434 -0.0916953943266 -0.22225615576
-0.113325728669
0 0 0

00000015.jpg
D:\OneDrive - bit.edu.cn\Phenotype\single_pot_1fps\output_image_vsfm\image3.jpg
2010.97241211
540 960
-0.00182048295629 -3.30878681007 -0.448352505841
1.44873535009 -0.0304039841451 3.00821124945
-1.46441196912 -1.3705993375 -0.960136275785
0.442997169074 -0.590399067559 -0.552577135344 -0.387092958749
0.089635101564 0.995444220711 -0.0325015694966
0.309519881134 0.00317596462495 0.95088766762
0.946658857113 -0.0952927945903 -0.307825098959
-0.123578879787
0 0 0

00000016.jpg
D:\OneDrive - bit.edu.cn\Phenotype\single_pot_1fps\output_image_vsfm\image2.jpg
1998.09558105
540 960
0.0101048406984 -3.70864666576 -0.197497748875
1.57140437999 -0.0359373149204 3.36490183275
-1.51877879355 -1.40514896717 -0.902864166059
0.427790980906 -0.608102591325 -0.56260643865 -0.36149704047
0.105587769842 0.993535213553 -0.0417013463758
0.374954519404 -0.000937743690244 0.927042733112
0.921010494641 -0.113520483027 -0.372629532774
-0.133896955347
0 0 0

00000017.jpg
D:\OneDrive - bit.edu.cn\Phenotype\single_pot_1fps\output_image_vsfm\image1.jpg
1985.13891602
540 960
-0.0939479175767 -3.96697384457 -0.160609838579
1.68712851328 0 3.59514959281
-1.54398995388 -1.39828057648 -0.898835902533
0.422721606773 -0.616765426672 -0.558560056814 -0.359050852334
0.118186296741 0.992558169949 -0.0293305051186
0.385443957101 -0.0186342121982 0.922543073287
0.915131113664 -0.120337215373 -0.384777857211
-0.14097568959
0 0 0

